filename,species_code
2460226.504331_Tautenburg___6222-9544kHz___10-11.4s___st.wav.pt,st
2459862.357909_Tautenburg___5617-9785kHz___10-11s___st.wav.pt,st
2459692.621801_Tautenburg___6343-10752kHz___10-11.6s___st.wav.pt,st
2459849.670193_Tautenburg___6100-9926kHz___10-11.3s___st.wav.pt,st
2459629.736098_Tautenburg___6527-10451kHz___10-15.8s___st.wav.pt,st
2459860.362984_Tautenburg___6222-10833kHz___10-11.2s___st.wav.pt,st
2459655.421098_Tautenburg___6342-11194kHz___10-11.2s___st.wav.pt,st
2460232.709166_Tautenburg___6423-10732kHz___10-20s___st.wav.pt,st
2460226.675058_Tautenburg___5819-9564kHz___10-11.5s___st.wav.pt,st
2460223.668207_Tautenburg___5940-9745kHz___10-11.3s___st.wav.pt,st
2459843.662580_Tautenburg___6141-10409kHz___10-11s___st.wav.pt,st
2460226.423773_Tautenburg___6383-9786kHz___10-11.8s___st.wav.pt,st
2460203.636906_Tautenburg___5799-9443kHz___10-11.6s___st.wav.pt,st
2460209.686230_Tautenburg___6564-11074kHz___10-20.9s___st.wav.pt,st
2460257.745150_Tautenburg___6644-10550kHz___10-11.5s___st.wav.pt,st
2460216.465760_Tautenburg___6684-10550kHz___10-11.2s___st.wav.pt,st
2459845.506156_Tautenburg___6463-10651kHz___10-11.2s___st.wav.pt,st
2460213.678785_Tautenburg___6222-10591kHz___10-13.8s___st.wav.pt,st
2459858.673952_Tautenburg___6242-8960kHz___10-11.1s___st.wav.pt,st
2460235.698728_Tautenburg___7027-10631kHz___10-11.7s___st.wav.pt,st
2459865.453076_Tautenburg___6685-10450kHz___10-11.1s___st.wav.pt,st
2460257.745584_Tautenburg___6463-10973kHz___10-15s___st.wav.pt,st
2460236.297707_Tautenburg___5396-9886kHz___10-11.7s___st.wav.pt,st
2460223.668867_Tautenburg___5960-9343kHz___10-11.5s___st.wav.pt,st
2460372.526731_Tautenburg___6323-9806kHz___10-11.6s___st.wav.pt,st
2460373.512978_Tautenburg___6484-9927kHz___10-11.6s___st.wav.pt,st
2460212.669881_Tautenburg___6665-11517kHz___10-11.6s___st.wav.pt,st
2460257.738345_Tautenburg___5638-10651kHz___10-12.8s___st.wav.pt,st
2459847.675963_Tautenburg___5940-9262kHz___10-11s___st.wav.pt,st
2460214.527417_Tautenburg___5416-9846kHz___10-12.4s___st.wav.pt,st
2459845.678611_Tautenburg___6362-10852kHz___10-11s___st.wav.pt,st
2460226.489286_Tautenburg___6282-9987kHz___10-11.8s___st.wav.pt,st
2460257.745807_Tautenburg___6805-10651kHz___10-11.2s___st.wav.pt,st
2459859.433574_Tautenburg___6182-9041kHz___10-11s___st.wav.pt,st
2459847.517690_Tautenburg___6302-9242kHz___10-11s___st.wav.pt,st
2460230.697849_Tautenburg___6625-11236kHz___10-11.4s___st.wav.pt,st
2459865.508307_Tautenburg___6222-9443kHz___10-11.1s___st.wav.pt,st
2460233.699319_Tautenburg___6041-10712kHz___10-15.7s___st.wav.pt,st
2459873.201534_Tautenburg___6624-11416kHz___10-11.1s___st.wav.pt,st
2460192.638982_Tautenburg___6342-9704kHz___10-28.6s___st.wav.pt,st
2460231.709977_Tautenburg___6685-10430kHz___10-15.3s___st.wav.pt,st
2460029.618797_Tautenburg___5457-9182kHz___10-11.5s___st.wav.pt,st
2460234.603311_Tautenburg___5819-9947kHz___10-11.7s___st.wav.pt,st
2460236.506233_Tautenburg___5255-11054kHz___10-12s___st.wav.pt,st
2459869.440531_Tautenburg___6141-10188kHz___10-11.1s___st.wav.pt,st
2459651.338074_Tautenburg___5658-10430kHz___10-18.4s___st.wav.pt,st
2459848.411988_Tautenburg___6202-10531kHz___10-11.3s___st.wav.pt,st
2459864.536491_Tautenburg___6604-11537kHz___10-11.1s___st.wav.pt,st
2460231.710080_Tautenburg___6745-10329kHz___10-12.1s___st.wav.pt,st
2460048.607270_Tautenburg___5577-9564kHz___10-15.1s___st.wav.pt,st
2459862.499747_Tautenburg___6302-9664kHz___10-11.1s___st.wav.pt,st
2460218.326184_Tautenburg___5497-9967kHz___10-15.1s___st.wav.pt,st
2459860.326607_Tautenburg___6685-10913kHz___10-11.1s___st.wav.pt,st
2460026.279620_Tautenburg___6303-9806kHz___10-21.2s___st.wav.pt,st
2459870.668378_Tautenburg___6101-10088kHz___10-11.2s___st.wav.pt,st
2460048.632008_Tautenburg___5980-10530kHz___10-11.3s___st.wav.pt,st
2460222.210736_Tautenburg___6201-10933kHz___10-18.7s___st.wav.pt,st
2460229.686322_Tautenburg___5758-9926kHz___10-11.7s___st.wav.pt,st
2460241.717229_Tautenburg___5699-10370kHz___10-11.2s___st.wav.pt,st
2459857.372947_Tautenburg___6564-9725kHz___10-11.1s___st.wav.pt,st
2460226.591731_Tautenburg___7108-10229kHz___10-11.7s___st.wav.pt,st
2459862.593471_Tautenburg___6363-9544kHz___10-11.3s___st.wav.pt,st
2459650.693055_Tautenburg___6262-9584kHz___10-11.7s___st.wav.pt,st
2460234.702007_Tautenburg___5799-9403kHz___10-11.2s___st.wav.pt,st
2459847.557435_Tautenburg___7047-9685kHz___10-11.3s___st.wav.pt,st
2460230.190355_Tautenburg___6926-10812kHz___10-11.4s___st.wav.pt,st
2459692.629010_Tautenburg___6644-9604kHz___10-11.2s___st.wav.pt,st
2460240.407155_Tautenburg___6705-11577kHz___10-11.8s___st.wav.pt,st
2460244.403350_Tautenburg___5316-8799kHz___10-11.8s___st.wav.pt,st
2460226.579764_Tautenburg___6161-10671kHz___10-11.7s___st.wav.pt,st
2459862.394173_Tautenburg___6846-10369kHz___10-11.1s___st.wav.pt,st
2459864.478058_Tautenburg___5376-9463kHz___10-11.4s___st.wav.pt,st
2459860.443184_Tautenburg___6604-9584kHz___10-11.2s___st.wav.pt,st
2460238.636454_Tautenburg___6362-10510kHz___10-11.4s___st.wav.pt,st
2460218.463070_Tautenburg___6061-10410kHz___10-11.4s___st.wav.pt,st
2460234.695482_Tautenburg___6061-8960kHz___10-11.6s___st.wav.pt,st
2459862.387826_Tautenburg___6745-10128kHz___10-11s___st.wav.pt,st
2460226.399229_Tautenburg___6303-9786kHz___10-11.2s___st.wav.pt,st
2459872.398435_Tautenburg___6544-9081kHz___10-11s___st.wav.pt,st
2460224.696630_Tautenburg___5497-11074kHz___10-11.7s___st.wav.pt,st
2459862.406813_Tautenburg___6645-9464kHz___10-11.1s___st.wav.pt,st
2460226.307107_Tautenburg___6222-10027kHz___10-11.6s___st.wav.pt,st
2459853.240132_Tautenburg___6303-9786kHz___10-11.1s___st.wav.pt,st
2459651.653903_Tautenburg___6021-10974kHz___10-12.4s___st.wav.pt,st
2459863.555043_Tautenburg___6202-9001kHz___10-11.1s___st.wav.pt,st
2460234.703374_Tautenburg___6041-10148kHz___10-16.2s___st.wav.pt,st
2459862.412566_Tautenburg___6121-9524kHz___10-11.1s___st.wav.pt,st
2460235.203043_Tautenburg___6463-11295kHz___10-11.6s___st.wav.pt,st
2459650.705790_Tautenburg___5618-9363kHz___10-17.3s___st.wav.pt,st
2460235.538589_Tautenburg___6061-9846kHz___10-11.1s___st.wav.pt,st
2460257.738500_Tautenburg___5940-10611kHz___10-15.6s___st.wav.pt,st
2459871.527501_Tautenburg___6000-10047kHz___10-11s___st.wav.pt,st
2460370.618799_Tautenburg___6685-11235kHz___10-11.6s___st.wav.pt,st
2459865.521619_Tautenburg___6000-8799kHz___10-11.5s___st.wav.pt,st
2459871.573602_Tautenburg___6604-8960kHz___10-10.9s___st.wav.pt,st
2460231.710259_Tautenburg___6322-10188kHz___10-15.4s___st.wav.pt,st
2460231.709513_Tautenburg___6665-10309kHz___10-11.7s___st.wav.pt,st
2460226.508864_Tautenburg___6121-10289kHz___10-11.8s___st.wav.pt,st
2459865.649540_Tautenburg___6242-9826kHz___10-11.1s___st.wav.pt,st
2459862.474184_Tautenburg___5557-8537kHz___10-11s___st.wav.pt,st
2460244.361051_Tautenburg___5698-11416kHz___10-16.4s___st.wav.pt,st
2460227.702096_Tautenburg___6665-10652kHz___10-11.2s___st.wav.pt,st
2459865.626451_Tautenburg___6524-9927kHz___10-11s___st.wav.pt,st
2459872.696393_Tautenburg___6403-10349kHz___10-11.6s___st.wav.pt,st
2460226.648571_Tautenburg___6181-10731kHz___10-11.5s___st.wav.pt,st
2459862.363070_Tautenburg___5698-11235kHz___10-11.2s___st.wav.pt,st
2460212.672149_Tautenburg___7047-10933kHz___10-11.1s___st.wav.pt,st
2459695.357507_Tautenburg___6000-10430kHz___10-16s___st.wav.pt,st
2460226.367830_Tautenburg___6282-10309kHz___10-11.2s___st.wav.pt,st
2459872.383370_Tautenburg___5798-10832kHz___10-11.2s___st.wav.pt,st
2460034.411598_Tautenburg___6644-10872kHz___10-11.3s___st.wav.pt,st
2460190.664220_Tautenburg___6463-10309kHz___10-11.1s___st.wav.pt,st
2460258.741494_Tautenburg___6242-10651kHz___10-11.4s___st.wav.pt,st
2459862.404890_Tautenburg___6564-9302kHz___10-11.1s___st.wav.pt,st
2459702.619965_Tautenburg___6262-10470kHz___10-11.2s___st.wav.pt,st
2459860.457850_Tautenburg___6624-9906kHz___10-11.3s___st.wav.pt,st
2460212.655828_Tautenburg___5658-9504kHz___10-11.2s___st.wav.pt,st
2459648.706860_Tautenburg___6625-10350kHz___10-11.3s___st.wav.pt,st
2460203.631828_Tautenburg___6101-10148kHz___10-11.6s___st.wav.pt,st
2460228.365067_Tautenburg___6504-10148kHz___10-11.3s___st.wav.pt,st
2459857.338398_Tautenburg___6141-9745kHz___10-11s___st.wav.pt,st
2460209.686322_Tautenburg___6705-10249kHz___10-12.2s___st.wav.pt,st
2460231.709596_Tautenburg___6382-11436kHz___10-15s___st.wav.pt,st
2459836.555254_Tautenburg___6161-10007kHz___10-11.2s___st.wav.pt,st
2460226.505719_Tautenburg___6423-10369kHz___10-11.6s___st.wav.pt,st
2460212.679648_Tautenburg___7127-10409kHz___10-11.2s___st.wav.pt,st
2460381.375921_Tautenburg___6785-11215kHz___10-11.4s___st.wav.pt,st
2460236.445752_Tautenburg___4611-10168kHz___10-15.6s___st.wav.pt,st
2460213.413341_Tautenburg___5658-9584kHz___10-11.6s___st.wav.pt,st
2460226.596967_Tautenburg___5557-10349kHz___10-15.5s___st.wav.pt,st
2460214.222154_Tautenburg___6302-11174kHz___10-16.8s___st.wav.pt,st
2459847.681818_Tautenburg___6443-9403kHz___10-11s___st.wav.pt,st
2460220.536163_Tautenburg___6081-10470kHz___10-11.3s___st.wav.pt,st
2459862.664157_Tautenburg___6040-8980kHz___10-11.1s___st.wav.pt,st
2460202.661271_Tautenburg___6142-9645kHz___10-12.2s___st.wav.pt,st
2460023.511850_Tautenburg___6383-10430kHz___10-14s___st.wav.pt,st
2459896.554450_Tautenburg___6241-9503kHz___10-10.9s___st.wav.pt,st
2460228.704101_Tautenburg___6363-11658kHz___10-13.6s___st.wav.pt,st
2460222.664986_Tautenburg___6302-9745kHz___10-11.5s___st.wav.pt,st
2460010.603423_Tautenburg___6041-10350kHz___10-11.3s___st.wav.pt,st
2460212.604643_Tautenburg___7309-11416kHz___10-11.6s___st.wav.pt,st
2459863.676865_Tautenburg___6684-9664kHz___10-11.2s___st.wav.pt,st
2460223.675536_Tautenburg___6020-9080kHz___10-11.5s___st.wav.pt,st
2460246.459114_Tautenburg___6081-10047kHz___10-11.7s___st.wav.pt,st
2459845.494878_Tautenburg___5859-9403kHz___10-11.1s___st.wav.pt,st
2459835.557596_Tautenburg___4772-10490kHz___10-11.3s___st.wav.pt,st
2460225.512785_Tautenburg___6786-10793kHz___10-11.3s___st.wav.pt,st
2460216.537774_Tautenburg___6201-10651kHz___10-11.7s___st.wav.pt,st
2459650.702855_Tautenburg___6242-10309kHz___10-11.5s___st.wav.pt,st
2459846.499477_Tautenburg___6101-9282kHz___10-11s___st.wav.pt,st
2460223.668305_Tautenburg___5799-9302kHz___10-11.2s___st.wav.pt,st
2460243.719929_Tautenburg___6584-11014kHz___10-11.4s___st.wav.pt,st
2460022.534267_Tautenburg___6242-10792kHz___10-11.4s___st.wav.pt,st
2460223.671386_Tautenburg___5335-10107kHz___10-12.4s___st.wav.pt,st
2460203.651486_Tautenburg___5236-9323kHz___10-11.4s___st.wav.pt,st
2459870.296755_Tautenburg___6665-10652kHz___10-11.8s___st.wav.pt,st
2459863.686273_Tautenburg___6202-9927kHz___10-11.1s___st.wav.pt,st
2459862.586734_Tautenburg___6543-10087kHz___10-11.1s___st.wav.pt,st
2460234.695184_Tautenburg___6805-11033kHz___10-15.5s___st.wav.pt,st
2460410.628374_Tautenburg___6645-10330kHz___10-11.7s___st.wav.pt,st
2460257.738411_Tautenburg___5537-10691kHz___10-14.3s___st.wav.pt,st
2460438.476761_Tautenburg___6483-10651kHz___10-19.2s___st.wav.pt,st
2459862.593351_Tautenburg___6403-9705kHz___10-11.1s___st.wav.pt,st
2459650.510608_Tautenburg___5517-9745kHz___10-16s___st.wav.pt,st
2460193.652409_Tautenburg___5578-9947kHz___10-11.7s___st.wav.pt,st
2460232.704667_Tautenburg___6362-10188kHz___10-11s___st.wav.pt,st
2459860.292514_Tautenburg___6322-10570kHz___10-11s___st.wav.pt,st
2459862.664122_Tautenburg___6846-9987kHz___10-11.3s___st.wav.pt,st
2460226.546668_Tautenburg___6142-10249kHz___10-11.6s___st.wav.pt,st
2460244.393604_Tautenburg___5678-10289kHz___10-10.9s___st.wav.pt,st
2459859.639545_Tautenburg___6484-10471kHz___10-11.1s___st.wav.pt,st
2459865.676524_Tautenburg___6061-9162kHz___10-11s___st.wav.pt,st
2459847.578086_Tautenburg___6020-8778kHz___10-11.2s___st.wav.pt,st
2459869.460074_Tautenburg___6262-10430kHz___10-11s___st.wav.pt,st
2459846.665008_Tautenburg___5557-10591kHz___10-11.1s___st.wav.pt,st
2460243.721769_Tautenburg___5960-10007kHz___10-12s___st.wav.pt,st
2460234.250039_Tautenburg___6544-11195kHz___10-11.7s___st.wav.pt,st
2459862.600893_Tautenburg___6664-9966kHz___10-11s___st.wav.pt,st
2460224.693779_Tautenburg___6201-10631kHz___10-15.2s___st.wav.pt,st
2459862.525970_Tautenburg___6202-9403kHz___10-11.2s___st.wav.pt,st
2459860.587267_Tautenburg___6584-9685kHz___10-11.2s___st.wav.pt,st
2460243.718768_Tautenburg___6141-9705kHz___10-11.1s___st.wav.pt,st
2460235.668812_Tautenburg___5558-9665kHz___10-11.8s___st.wav.pt,st
2460218.687215_Tautenburg___6443-10047kHz___10-11.7s___st.wav.pt,st
2460234.700262_Tautenburg___5860-9021kHz___10-13.6s___st.wav.pt,st
2459862.339822_Tautenburg___5597-9805kHz___10-11.2s___st.wav.pt,st
2460023.378111_Tautenburg___6081-10390kHz___10-26.6s___st.wav.pt,st
2460217.687501_Tautenburg___6242-11014kHz___10-11.4s___st.wav.pt,st
2459654.690729_Tautenburg___5738-8496kHz___10-11s___st.wav.pt,st
2459872.673212_Tautenburg___6000-10329kHz___10-11.3s___st.wav.pt,st
2459862.466947_Tautenburg___6946-9886kHz___10-11s___st.wav.pt,st
2460227.541531_Tautenburg___5416-9242kHz___10-11.4s___st.wav.pt,st
2459832.484541_Tautenburg___5980-9765kHz___10-11.3s___st.wav.pt,st
2459847.557583_Tautenburg___6302-9564kHz___10-11.3s___st.wav.pt,st
2460206.679584_Tautenburg___6101-10410kHz___10-11.3s___st.wav.pt,st
2460191.645807_Tautenburg___6625-11256kHz___10-18.3s___st.wav.pt,st
2460417.450012_Tautenburg___5295-10067kHz___10-16.6s___st.wav.pt,st
2460231.370444_Tautenburg___6483-10309kHz___10-11.4s___st.wav.pt,st
2460213.285286_Tautenburg___5678-9363kHz___10-11.6s___st.wav.pt,st
2459844.677702_Tautenburg___6685-11094kHz___10-11.2s___st.wav.pt,st
2459683.487613_Tautenburg___6221-9785kHz___10-11.6s___st.wav.pt,st
2460231.709775_Tautenburg___6283-10390kHz___10-11.8s___st.wav.pt,st
2459859.536815_Tautenburg___6202-10007kHz___10-11.2s___st.wav.pt,st
2459864.553271_Tautenburg___5699-9766kHz___10-11.1s___st.wav.pt,st
2459872.703823_Tautenburg___6383-11054kHz___10-11.1s___st.wav.pt,st
2460235.203710_Tautenburg___6101-10289kHz___10-15.4s___st.wav.pt,st
2460218.560282_Tautenburg___5759-9806kHz___10-11.3s___st.wav.pt,st
2460218.569317_Tautenburg___5839-9906kHz___10-11.3s___st.wav.pt,st
2460226.403079_Tautenburg___6101-9061kHz___10-11.6s___st.wav.pt,st
2459865.626431_Tautenburg___5859-8839kHz___10-11s___st.wav.pt,st
2460212.659064_Tautenburg___6625-10048kHz___10-11s___st.wav.pt,st
2460212.575831_Tautenburg___5980-10550kHz___10-12s___st.wav.pt,st
2459859.657459_Tautenburg___6061-9162kHz___10-11.2s___st.wav.pt,st
2460231.710148_Tautenburg___6464-9625kHz___10-11.7s___st.wav.pt,st
2460250.615814_Tautenburg___6081-10692kHz___10-11.5s___st.wav.pt,st
2459872.475793_Tautenburg___5517-8477kHz___10-10.9s___st.wav.pt,st
2459845.481842_Tautenburg___6322-9282kHz___10-11s___st.wav.pt,st
2460203.459020_Tautenburg___5719-9766kHz___10-11.6s___st.wav.pt,st
2459862.598975_Tautenburg___6021-10068kHz___10-11s___st.wav.pt,st
2460438.478066_Tautenburg___6101-10732kHz___10-11.7s___st.wav.pt,st
2459872.508611_Tautenburg___5819-8698kHz___10-11.1s___st.wav.pt,st
2460259.737292_Tautenburg___6363-11195kHz___10-11s___st.wav.pt,st
2459847.434330_Tautenburg___5819-9121kHz___10-11s___st.wav.pt,st
2459862.589069_Tautenburg___6705-9222kHz___10-11s___st.wav.pt,st
2460234.194247_Tautenburg___5939-10389kHz___10-17s___st.wav.pt,st
2460220.659317_Tautenburg___6202-9887kHz___10-11.4s___st.wav.pt,st
2460219.531545_Tautenburg___5860-10551kHz___10-11.6s___st.wav.pt,st
2460234.703460_Tautenburg___6624-10268kHz___10-11.7s___st.wav.pt,st
2460233.486892_Tautenburg___5678-10047kHz___10-11.3s___st.wav.pt,st
2460251.541403_Tautenburg___6161-10188kHz___10-11.6s___st.wav.pt,st
2460203.553751_Tautenburg___5779-9685kHz___10-11.3s___st.wav.pt,st
2460213.674744_Tautenburg___6242-10732kHz___10-13s___st.wav.pt,st
2460216.430737_Tautenburg___6644-10268kHz___10-11.3s___st.wav.pt,st
2460226.522539_Tautenburg___5256-9927kHz___10-13.8s___st.wav.pt,st
2459862.362977_Tautenburg___6241-10067kHz___10-11.3s___st.wav.pt,st
2460240.701918_Tautenburg___5517-10571kHz___10-14.2s___st.wav.pt,st
2460212.573183_Tautenburg___6644-10892kHz___10-11.5s___st.wav.pt,st
2460226.493558_Tautenburg___5194-10248kHz___10-11.4s___st.wav.pt,st
2460408.464202_Tautenburg___5981-11598kHz___10-12.3s___st.wav.pt,st
2460213.314711_Tautenburg___6142-10551kHz___10-11.4s___st.wav.pt,st
2460212.664509_Tautenburg___5416-9846kHz___10-11.7s___st.wav.pt,st
2460232.537770_Tautenburg___6282-10410kHz___10-11.7s___st.wav.pt,st
2459850.491999_Tautenburg___6222-11376kHz___10-11.1s___st.wav.pt,st
2460226.409450_Tautenburg___5678-9524kHz___10-11.8s___st.wav.pt,st
2460212.669849_Tautenburg___6704-10530kHz___10-11.2s___st.wav.pt,st
2459865.308220_Tautenburg___5457-10088kHz___10-11.2s___st.wav.pt,st
2460258.739152_Tautenburg___5517-10410kHz___10-16.8s___st.wav.pt,st
2460234.250251_Tautenburg___6100-10248kHz___10-12.3s___st.wav.pt,st
2460218.463327_Tautenburg___6242-10047kHz___10-11.4s___st.wav.pt,st
2459631.731317_Tautenburg___6279-10348kHz___10-11s___st.wav.pt,st
2459870.530775_Tautenburg___6061-9544kHz___10-11.1s___st.wav.pt,st
2460212.655834_Tautenburg___6846-10470kHz___10-12.7s___st.wav.pt,st
2459863.412450_Tautenburg___5839-9081kHz___10-11.1s___st.wav.pt,st
2459836.476957_Tautenburg___5436-9926kHz___10-11.2s___st.wav.pt,st
2460237.379391_Tautenburg___5920-10752kHz___10-11.8s___st.wav.pt,st
2459687.589148_Tautenburg___6182-9343kHz___10-11.1s___st.wav.pt,st
2459875.714510_Tautenburg___6745-10752kHz___10-11.1s___st.wav.pt,st
2460203.658756_Tautenburg___5900-9665kHz___10-11.6s___st.wav.pt,st
2460039.602837_Tautenburg___6604-10289kHz___10-11.8s___st.wav.pt,st
2460248.724482_Tautenburg___6887-10994kHz___10-13s___st.wav.pt,st
2460235.194161_Tautenburg___6323-10410kHz___10-13.9s___st.wav.pt,st
2459667.664805_Tautenburg___5960-9262kHz___10-11.8s___st.wav.pt,st
2460241.338053_Tautenburg___5980-11376kHz___10-14.3s___st.wav.pt,st
2459898.509972_Tautenburg___6101-9786kHz___10-11.3s___st.wav.pt,st
2460212.437497_Tautenburg___6343-10450kHz___10-11.7s___st.wav.pt,st
2460218.361678_Tautenburg___5980-9624kHz___10-17.9s___st.wav.pt,st
2460229.478309_Tautenburg___6604-10188kHz___10-11.4s___st.wav.pt,st
2459692.622069_Tautenburg___5920-10269kHz___10-11.3s___st.wav.pt,st
2460243.727060_Tautenburg___6303-10692kHz___10-11.5s___st.wav.pt,st
2459684.603129_Tautenburg___6443-9846kHz___10-11.2s___st.wav.pt,st
2460230.630022_Tautenburg___6302-10128kHz___10-11s___st.wav.pt,st
2460229.708691_Tautenburg___5739-10934kHz___10-11.6s___st.wav.pt,st
2460234.437791_Tautenburg___5658-10430kHz___10-12s___st.wav.pt,st
2460022.562424_Tautenburg___5154-9362kHz___10-11.6s___st.wav.pt,st
2459836.493915_Tautenburg___6282-10148kHz___10-11.1s___st.wav.pt,st
2459862.418594_Tautenburg___5738-8718kHz___10-11.2s___st.wav.pt,st
2460201.546978_Tautenburg___5819-9886kHz___10-18.9s___st.wav.pt,st
2460218.628564_Tautenburg___5356-10228kHz___10-11.6s___st.wav.pt,st
2459862.684538_Tautenburg___6242-10128kHz___10-11.2s___st.wav.pt,st
2459650.702438_Tautenburg___6363-10672kHz___10-17.8s___st.wav.pt,st
2460226.614672_Tautenburg___6020-9725kHz___10-11.4s___st.wav.pt,st
2460415.362410_Tautenburg___5679-10974kHz___10-11.1s___st.wav.pt,st
2459860.501514_Tautenburg___6242-9927kHz___10-11.2s___st.wav.pt,st
2460202.602268_Tautenburg___5980-9584kHz___10-14.5s___st.wav.pt,st
2459864.629035_Tautenburg___6081-8900kHz___10-11.1s___st.wav.pt,st
2460241.714925_Tautenburg___5719-10390kHz___10-13.9s___st.wav.pt,st
2460218.555592_Tautenburg___5215-10309kHz___10-11.9s___st.wav.pt,st
2460208.615895_Tautenburg___6282-10188kHz___10-11.2s___st.wav.pt,st
2460231.710185_Tautenburg___6544-9967kHz___10-13.3s___st.wav.pt,st
2460257.738727_Tautenburg___6725-11094kHz___10-12.3s___st.wav.pt,st
2459845.528349_Tautenburg___6242-9262kHz___10-11s___st.wav.pt,st
2460215.537146_Tautenburg___6624-10550kHz___10-11.9s___st.wav.pt,st
2460227.699298_Tautenburg___5799-9967kHz___10-11.1s___st.wav.pt,st
2460235.196115_Tautenburg___6705-10651kHz___10-11.7s___st.wav.pt,st
2460211.485713_Tautenburg___5900-9866kHz___10-11.9s___st.wav.pt,st
2460228.694297_Tautenburg___6443-10450kHz___10-11.5s___st.wav.pt,st
2460226.496669_Tautenburg___5799-9463kHz___10-11.2s___st.wav.pt,st
2460205.659328_Tautenburg___6584-10430kHz___10-11.2s___st.wav.pt,st
2459845.425368_Tautenburg___6483-9543kHz___10-11s___st.wav.pt,st
2460244.425842_Tautenburg___5678-9564kHz___10-11.1s___st.wav.pt,st
2460257.745343_Tautenburg___6805-10691kHz___10-11.1s___st.wav.pt,st
2459862.384315_Tautenburg___6282-10309kHz___10-11.3s___st.wav.pt,st
2459864.425613_Tautenburg___6282-9322kHz___10-11s___st.wav.pt,st
2459691.490984_Tautenburg___5718-10168kHz___10-11.3s___st.wav.pt,st
2460216.606446_Tautenburg___6242-10128kHz___10-11.4s___st.wav.pt,st
2460203.632051_Tautenburg___5738-9382kHz___10-11.1s___st.wav.pt,st
2459862.638616_Tautenburg___6725-9504kHz___10-11.3s___st.wav.pt,st
2460236.370831_Tautenburg___5678-9946kHz___10-12s___st.wav.pt,st
2460226.430793_Tautenburg___5960-9020kHz___10-11.4s___st.wav.pt,st
2460228.699336_Tautenburg___6805-10731kHz___10-11.2s___st.wav.pt,st
2459862.524698_Tautenburg___5758-9986kHz___10-11.4s___st.wav.pt,st
2460230.482799_Tautenburg___6443-10732kHz___10-11.4s___st.wav.pt,st
2460213.336582_Tautenburg___6644-10188kHz___10-11.5s___st.wav.pt,st
2459650.544347_Tautenburg___7309-10913kHz___10-11.6s___st.wav.pt,st
2460235.194222_Tautenburg___6725-11014kHz___10-11.1s___st.wav.pt,st
2459862.575039_Tautenburg___6826-9725kHz___10-11.1s___st.wav.pt,st
2460218.683877_Tautenburg___5698-10228kHz___10-12.2s___st.wav.pt,st
2460261.703614_Tautenburg___7047-10470kHz___10-11.4s___st.wav.pt,st
2459872.669221_Tautenburg___6524-10309kHz___10-11s___st.wav.pt,st
2459671.684423_Tautenburg___5940-10047kHz___10-14.1s___st.wav.pt,st
2459872.684670_Tautenburg___6302-10329kHz___10-10.9s___st.wav.pt,st
2459683.623953_Tautenburg___5195-9967kHz___10-12.2s___st.wav.pt,st
2460226.493369_Tautenburg___6262-9725kHz___10-11.4s___st.wav.pt,st
2460211.685031_Tautenburg___6040-10570kHz___10-20.2s___st.wav.pt,st
2460217.622002_Tautenburg___6746-10551kHz___10-11.4s___st.wav.pt,st
2460226.412161_Tautenburg___5920-9282kHz___10-11.3s___st.wav.pt,st
2460044.494523_Tautenburg___6484-10571kHz___10-11.3s___st.wav.pt,st
2460023.555073_Tautenburg___6061-11316kHz___10-11.7s___st.wav.pt,st
2460226.532032_Tautenburg___6967-9524kHz___10-11.4s___st.wav.pt,st
2460237.419431_Tautenburg___5759-10974kHz___10-11.7s___st.wav.pt,st
2460024.681667_Tautenburg___5054-8739kHz___10-11.6s___st.wav.pt,st
2460215.450145_Tautenburg___6523-10711kHz___10-11.7s___st.wav.pt,st
2459862.369882_Tautenburg___6806-9866kHz___10-11.1s___st.wav.pt,st
2460232.322079_Tautenburg___5658-9906kHz___10-11.4s___st.wav.pt,st
2460212.669162_Tautenburg___6524-10531kHz___10-11.4s___st.wav.pt,st
2460232.315153_Tautenburg___5839-9383kHz___10-11.3s___st.wav.pt,st
2459860.585845_Tautenburg___5517-9322kHz___10-11.2s___st.wav.pt,st
2460212.571614_Tautenburg___6061-10329kHz___10-11.4s___st.wav.pt,st
2460418.457847_Tautenburg___6524-10732kHz___10-11.3s___st.wav.pt,st
2460223.689512_Tautenburg___6826-11497kHz___10-11.5s___st.wav.pt,st
2459844.595550_Tautenburg___6362-8718kHz___10-11s___st.wav.pt,st
2459872.703878_Tautenburg___6242-10047kHz___10-10.9s___st.wav.pt,st
2460226.513495_Tautenburg___6021-9504kHz___10-11.3s___st.wav.pt,st
2459862.460037_Tautenburg___6604-9664kHz___10-11.2s___st.wav.pt,st
2460244.191149_Tautenburg___5497-11578kHz___10-11.6s___st.wav.pt,st
2460226.657420_Tautenburg___6162-10209kHz___10-11.3s___st.wav.pt,st
2460215.687632_Tautenburg___6906-10450kHz___10-10.9s___st.wav.pt,st
2460203.444098_Tautenburg___6001-10108kHz___10-11.4s___st.wav.pt,st
2460221.680902_Tautenburg___6343-10350kHz___10-11.4s___st.wav.pt,st
2460411.638276_Tautenburg___6040-11114kHz___10-14s___st.wav.pt,st
2459859.254288_Tautenburg___6584-10611kHz___10-11s___st.wav.pt,st
2460213.669644_Tautenburg___6363-10772kHz___10-14.3s___st.wav.pt,st
2459852.674558_Tautenburg___6423-9866kHz___10-11.3s___st.wav.pt,st
2459860.426784_Tautenburg___6604-9866kHz___10-11s___st.wav.pt,st
2460240.706376_Tautenburg___6443-10591kHz___10-10.9s___st.wav.pt,st
2460218.659634_Tautenburg___6343-10934kHz___10-11.6s___st.wav.pt,st
2459828.665978_Tautenburg___5235-10611kHz___10-14.2s___st.wav.pt,st
2460203.645399_Tautenburg___5739-9262kHz___10-11.1s___st.wav.pt,st
2459867.683999_Tautenburg___6000-9242kHz___10-11.2s___st.wav.pt,st
2459862.458503_Tautenburg___6927-9524kHz___10-11s___st.wav.pt,st
2459652.701249_Tautenburg___5779-9766kHz___10-11.3s___st.wav.pt,st
2460233.692654_Tautenburg___6040-11154kHz___10-14.1s___st.wav.pt,st
2460232.567830_Tautenburg___6624-10611kHz___10-11.4s___st.wav.pt,st
2459872.571624_Tautenburg___5899-9443kHz___10-10.9s___st.wav.pt,st
2459668.629557_Tautenburg___6121-9383kHz___10-11.5s___st.wav.pt,st
2459862.330281_Tautenburg___6423-9383kHz___10-11s___st.wav.pt,st
2460226.505815_Tautenburg___5939-9483kHz___10-11.2s___st.wav.pt,st
2460235.701812_Tautenburg___6141-10349kHz___10-11.7s___st.wav.pt,st
2459844.678636_Tautenburg___6443-10631kHz___10-15.7s___st.wav.pt,st
2460215.220820_Tautenburg___6887-11578kHz___10-12s___st.wav.pt,st
2460226.547200_Tautenburg___5657-9483kHz___10-11.4s___st.wav.pt,st
2459865.329588_Tautenburg___6625-11034kHz___10-11.3s___st.wav.pt,st
2460044.496150_Tautenburg___6141-10148kHz___10-11.7s___st.wav.pt,st
2460202.661340_Tautenburg___6041-9826kHz___10-14.4s___st.wav.pt,st
2460215.652482_Tautenburg___6242-9947kHz___10-11.6s___st.wav.pt,st
2460252.734886_Tautenburg___6786-10773kHz___10-11.6s___st.wav.pt,st
2459862.372490_Tautenburg___6342-9624kHz___10-11s___st.wav.pt,st
2459865.340748_Tautenburg___6645-10068kHz___10-11s___st.wav.pt,st
2459680.359417_Tautenburg___6403-9826kHz___10-11.2s___st.wav.pt,st
2460192.639175_Tautenburg___5799-9443kHz___10-11.7s___st.wav.pt,st
2460214.291890_Tautenburg___5779-9564kHz___10-11s___st.wav.pt,st
2460418.360318_Tautenburg___6161-10731kHz___10-20.7s___st.wav.pt,st
2460202.646791_Tautenburg___5960-9645kHz___10-11.4s___st.wav.pt,st
2460213.397893_Tautenburg___6343-10732kHz___10-11.6s___st.wav.pt,st
2459858.573583_Tautenburg___6343-9444kHz___10-11s___st.wav.pt,st
2459651.699546_Tautenburg___6523-11577kHz___10-11.6s___st.wav.pt,st
2460226.380069_Tautenburg___6382-10530kHz___10-12s___st.wav.pt,st
2460232.702107_Tautenburg___6000-10168kHz___10-17.5s___st.wav.pt,st
2460208.489831_Tautenburg___6081-10148kHz___10-11.4s___st.wav.pt,st
2460226.577661_Tautenburg___6020-9866kHz___10-10.9s___st.wav.pt,st
2460228.699086_Tautenburg___6887-10672kHz___10-11.6s___st.wav.pt,st
2460235.203822_Tautenburg___6021-10410kHz___10-11.6s___st.wav.pt,st
2460213.673754_Tautenburg___6121-9926kHz___10-12.1s___st.wav.pt,st
2460205.663073_Tautenburg___6181-10027kHz___10-13s___st.wav.pt,st
2460244.438848_Tautenburg___6664-11114kHz___10-11.6s___st.wav.pt,st
2459865.659908_Tautenburg___6805-10651kHz___10-11.1s___st.wav.pt,st
2459862.324544_Tautenburg___6464-9625kHz___10-11s___st.wav.pt,st
2460226.557995_Tautenburg___6362-10852kHz___10-11.2s___st.wav.pt,st
2460370.497999_Tautenburg___6785-10449kHz___10-11.2s___st.wav.pt,st
2459851.514406_Tautenburg___6584-9866kHz___10-11s___st.wav.pt,st
2459652.704347_Tautenburg___6181-10731kHz___10-16s___st.wav.pt,st
2459684.548859_Tautenburg___5557-8919kHz___10-11.2s___st.wav.pt,st
2460248.407206_Tautenburg___5759-8517kHz___10-11.3s___st.wav.pt,st
2459859.468681_Tautenburg___6161-9765kHz___10-11.1s___st.wav.pt,st
2459845.526148_Tautenburg___5779-9685kHz___10-11.1s___st.wav.pt,st
2460240.701873_Tautenburg___5597-10993kHz___10-13.2s___st.wav.pt,st
2459847.676960_Tautenburg___6060-9302kHz___10-11.2s___st.wav.pt,st
2459862.420025_Tautenburg___6121-8779kHz___10-11s___st.wav.pt,st
2460223.689615_Tautenburg___5859-9463kHz___10-11.6s___st.wav.pt,st
2460240.627937_Tautenburg___6100-9926kHz___10-11.4s___st.wav.pt,st
2460218.472417_Tautenburg___6443-10772kHz___10-14.2s___st.wav.pt,st
2459869.497921_Tautenburg___6363-9524kHz___10-11.2s___st.wav.pt,st
2460203.631995_Tautenburg___5255-9081kHz___10-11.6s___st.wav.pt,st
2460232.705815_Tautenburg___6644-10490kHz___10-10.9s___st.wav.pt,st
2459650.683484_Tautenburg___6262-10067kHz___10-11s___st.wav.pt,st
2460226.589823_Tautenburg___6524-10591kHz___10-11.5s___st.wav.pt,st
2459870.207127_Tautenburg___7249-11034kHz___10-11.2s___st.wav.pt,st
2460226.504164_Tautenburg___6101-9302kHz___10-11.6s___st.wav.pt,st
2460236.445626_Tautenburg___5698-10470kHz___10-12.2s___st.wav.pt,st
2460187.267519_Tautenburg___6221-10409kHz___10-14.3s___st.wav.pt,st
2460236.191405_Tautenburg___6202-11195kHz___10-15.8s___st.wav.pt,st
2459847.677796_Tautenburg___6383-9524kHz___10-11.2s___st.wav.pt,st
2459872.637108_Tautenburg___6000-9826kHz___10-11.3s___st.wav.pt,st
2460244.471798_Tautenburg___5496-9342kHz___10-11.7s___st.wav.pt,st
2460220.487207_Tautenburg___5658-10530kHz___10-11.8s___st.wav.pt,st
2459868.592896_Tautenburg___6403-9182kHz___10-11.1s___st.wav.pt,st
2460226.513570_Tautenburg___6262-10067kHz___10-11s___st.wav.pt,st
2459846.634041_Tautenburg___5960-9141kHz___10-11s___st.wav.pt,st
2460210.231433_Tautenburg___6604-10631kHz___10-16.5s___st.wav.pt,st
2460214.472313_Tautenburg___6020-10288kHz___10-11.3s___st.wav.pt,st
2459872.692034_Tautenburg___6483-9725kHz___10-11s___st.wav.pt,st
2460212.489692_Tautenburg___6786-10551kHz___10-11.5s___st.wav.pt,st
2459864.553159_Tautenburg___6081-9806kHz___10-11.1s___st.wav.pt,st
2460214.680308_Tautenburg___6443-10289kHz___10-10.9s___st.wav.pt,st
2460241.486147_Tautenburg___5859-9403kHz___10-12s___st.wav.pt,st
2460227.702162_Tautenburg___5960-9846kHz___10-11.5s___st.wav.pt,st
2460251.724535_Tautenburg___6685-10893kHz___10-11.1s___st.wav.pt,st
2459870.207012_Tautenburg___7349-11376kHz___10-11s___st.wav.pt,st
2459862.422194_Tautenburg___7148-10752kHz___10-11s___st.wav.pt,st
2460251.716411_Tautenburg___5497-9584kHz___10-30.2s___st.wav.pt,st
2460235.202948_Tautenburg___6262-10812kHz___10-12.1s___st.wav.pt,st
2460242.711474_Tautenburg___6061-10430kHz___10-11.1s___st.wav.pt,st
2460214.669813_Tautenburg___5376-9544kHz___10-11.6s___st.wav.pt,st
2459834.459082_Tautenburg___5658-9544kHz___10-11.1s___st.wav.pt,st
2460215.687373_Tautenburg___6644-11114kHz___10-11.7s___st.wav.pt,st
2459862.601933_Tautenburg___6001-9786kHz___10-11s___st.wav.pt,st
2460206.663521_Tautenburg___6383-10752kHz___10-11.3s___st.wav.pt,st
2459873.201573_Tautenburg___6061-9746kHz___10-11.1s___st.wav.pt,st
2460384.360083_Tautenburg___6262-10578kHz___10-11.3s___st.wav.pt,st
2459686.588393_Tautenburg___6141-11275kHz___10-11.6s___st.wav.pt,st
2460241.298253_Tautenburg___6121-10551kHz___10-11.4s___st.wav.pt,st
2460229.706065_Tautenburg___6766-10571kHz___10-11.3s___st.wav.pt,st
2460234.696560_Tautenburg___6745-9987kHz___10-11.2s___st.wav.pt,st
2460214.658460_Tautenburg___5678-9745kHz___10-11.5s___st.wav.pt,st
2459847.679395_Tautenburg___6524-8960kHz___10-11s___st.wav.pt,st
2460212.623460_Tautenburg___6161-10953kHz___10-11.4s___st.wav.pt,st
2460209.677580_Tautenburg___6382-10852kHz___10-11.2s___st.wav.pt,st
2460233.696061_Tautenburg___6040-11114kHz___10-11.6s___st.wav.pt,st
2459845.237049_Tautenburg___5114-10188kHz___10-11.2s___st.wav.pt,st
2460243.722239_Tautenburg___6886-11074kHz___10-12.2s___st.wav.pt,st
2460218.379347_Tautenburg___5960-10188kHz___10-11.9s___st.wav.pt,st
2460212.623218_Tautenburg___6181-10027kHz___10-11.4s___st.wav.pt,st
2460419.636689_Tautenburg___6846-11014kHz___10-19.2s___st.wav.pt,st
2460213.672282_Tautenburg___6020-10208kHz___10-11.2s___st.wav.pt,st
2459865.603483_Tautenburg___6242-9061kHz___10-11s___st.wav.pt,st
2460260.331005_Tautenburg___6000-9302kHz___10-11.3s___st.wav.pt,st
2460233.602311_Tautenburg___6182-9967kHz___10-11.6s___st.wav.pt,st
2460241.714881_Tautenburg___5638-10269kHz___10-13s___st.wav.pt,st
2459865.421399_Tautenburg___6443-9725kHz___10-11.3s___st.wav.pt,st
2459863.465145_Tautenburg___6081-9443kHz___10-11.1s___st.wav.pt,st
2460232.254352_Tautenburg___6403-10651kHz___10-11.4s___st.wav.pt,st
2460192.639274_Tautenburg___5779-9826kHz___10-12s___st.wav.pt,st
2460417.641766_Tautenburg___6403-10994kHz___10-11.6s___st.wav.pt,st
2460218.559046_Tautenburg___5638-9866kHz___10-11.4s___st.wav.pt,st
2460212.441822_Tautenburg___6182-10189kHz___10-11.4s___st.wav.pt,st
2460226.408693_Tautenburg___5719-9182kHz___10-12.1s___st.wav.pt,st
2459862.346512_Tautenburg___5879-8859kHz___10-11.1s___st.wav.pt,st
2459862.557612_Tautenburg___6323-9544kHz___10-11.2s___st.wav.pt,st
2460213.674621_Tautenburg___6625-10410kHz___10-11.6s___st.wav.pt,st
2459859.367773_Tautenburg___6121-10047kHz___10-11.9s___st.wav.pt,st
2459667.284794_Tautenburg___5859-10409kHz___10-11.2s___st.wav.pt,st
2459865.332169_Tautenburg___6021-10350kHz___10-11.1s___st.wav.pt,st
2459869.216849_Tautenburg___6282-8557kHz___10-11.2s___re.wav.pt,re
2460027.678751_Tautenburg___5839-9282kHz___10-11.5s___re.wav.pt,re
2459684.527962_Tautenburg___4953-7973kHz___10-11.1s___re.wav.pt,re
2459872.371040_Tautenburg___5597-7751kHz___10-11.3s___re.wav.pt,re
2459907.167666_Tautenburg___5618-8719kHz___10-31.8s___re.wav.pt,re
2459897.168283_Tautenburg___4812-9242kHz___10-12s___re.wav.pt,re
2460023.411919_Tautenburg___5094-9040kHz___10-11.6s___re.wav.pt,re
2460240.705170_Tautenburg___5437-8518kHz___10-11.4s___re.wav.pt,re
2460268.758339_Tautenburg___5436-9584kHz___10-12.7s___re.wav.pt,re
2460390.560616_Tautenburg___4541-7709kHz___10-11.8s___re.wav.pt,re
2460024.465399_Tautenburg___5316-9725kHz___10-11.6s___re.wav.pt,re
2460027.255191_Tautenburg___5276-8457kHz___10-12.4s___re.wav.pt,re
2460250.717737_Tautenburg___5699-8276kHz___10-11.5s___re.wav.pt,re
2460046.633855_Tautenburg___5034-8940kHz___10-11.8s___re.wav.pt,re
2460252.388590_Tautenburg___5255-9121kHz___10-11.6s___re.wav.pt,re
2459895.169280_Tautenburg___5013-8335kHz___10-11.6s___re.wav.pt,re
2459897.421950_Tautenburg___5416-9262kHz___10-11.8s___re.wav.pt,re
2460248.279884_Tautenburg___6463-9805kHz___10-11.7s___re.wav.pt,re
2460025.678408_Tautenburg___5376-8638kHz___10-11.7s___re.wav.pt,re
2460231.718727_Tautenburg___6423-9322kHz___10-11.7s___re.wav.pt,re
2460260.354028_Tautenburg___5678-9121kHz___10-11.8s___re.wav.pt,re
2460261.427791_Tautenburg___5597-8617kHz___10-11.3s___re.wav.pt,re
2460022.455164_Tautenburg___5456-8476kHz___10-11.8s___re.wav.pt,re
2460027.652015_Tautenburg___5456-8758kHz___10-11.6s___re.wav.pt,re
2460258.739870_Tautenburg___5638-8980kHz___10-11.2s___re.wav.pt,re
2460242.388685_Tautenburg___6161-8597kHz___10-11.1s___re.wav.pt,re
2460042.486316_Tautenburg___5135-8840kHz___10-11.9s___re.wav.pt,re
2460025.673615_Tautenburg___5255-8557kHz___10-12.1s___re.wav.pt,re
2460022.684940_Tautenburg___5296-8779kHz___10-11.9s___re.wav.pt,re
2460264.609064_Tautenburg___5578-8719kHz___10-11.4s___re.wav.pt,re
2460390.582658_Tautenburg___5164-8582kHz___10-12.1s___re.wav.pt,re
2460248.724971_Tautenburg___6101-9463kHz___10-13.7s___re.wav.pt,re
2460027.551721_Tautenburg___5154-9362kHz___10-11.6s___re.wav.pt,re
2460403.439169_Tautenburg___6561-9131kHz___10-12.2s___re.wav.pt,re
2459678.651316_Tautenburg___5316-10027kHz___10-13.6s___re.wav.pt,re
2460390.675963_Tautenburg___5664-8807kHz___10-11.7s___re.wav.pt,re
2460022.543965_Tautenburg___4833-8900kHz___10-11.7s___re.wav.pt,re
2460392.254811_Tautenburg___6287-8083kHz___10-11.7s___re.wav.pt,re
2460258.181783_Tautenburg___6060-8416kHz___10-11.4s___re.wav.pt,re
2459897.376493_Tautenburg___5517-8094kHz___10-10.9s___re.wav.pt,re
2460248.209918_Tautenburg___5034-8678kHz___10-12.1s___re.wav.pt,re
2460024.599450_Tautenburg___4833-8296kHz___10-11.7s___re.wav.pt,re
2460033.506948_Tautenburg___5457-8940kHz___10-12s___re.wav.pt,re
2460254.157240_Tautenburg___5960-9101kHz___10-14.3s___re.wav.pt,re
2460025.319077_Tautenburg___6081-9000kHz___10-11.8s___re.wav.pt,re
2459893.719260_Tautenburg___5739-8518kHz___10-11.1s___re.wav.pt,re
2460390.673595_Tautenburg___5289-8133kHz___10-11.7s___re.wav.pt,re
2460226.477094_Tautenburg___5578-8477kHz___10-11.2s___re.wav.pt,re
2460392.255383_Tautenburg___5589-8732kHz___10-12.3s___re.wav.pt,re
2460268.758441_Tautenburg___5276-8759kHz___10-12.9s___re.wav.pt,re
2460041.453601_Tautenburg___4590-8718kHz___10-11.8s___re.wav.pt,re
2460261.304456_Tautenburg___5960-8920kHz___10-11.5s___re.wav.pt,re
2460028.672917_Tautenburg___5034-8437kHz___10-11.8s___re.wav.pt,re
2460027.255712_Tautenburg___5195-8618kHz___10-11.8s___re.wav.pt,re
2460024.677600_Tautenburg___4510-8416kHz___10-11.9s___re.wav.pt,re
2460263.747346_Tautenburg___5981-8296kHz___10-12.1s___re.wav.pt,re
2460390.653632_Tautenburg___4790-7434kHz___10-11.1s___re.wav.pt,re
2460027.258919_Tautenburg___5477-8698kHz___10-11.5s___re.wav.pt,re
2460265.739063_Tautenburg___6222-9061kHz___10-11.3s___re.wav.pt,re
2460269.618682_Tautenburg___5537-8477kHz___10-11.8s___re.wav.pt,re
2460392.254839_Tautenburg___6112-8956kHz___10-11s___re.wav.pt,re
2460264.733805_Tautenburg___6040-9060kHz___10-11.4s___re.wav.pt,re
2460405.544010_Tautenburg___5094-8235kHz___10-11.6s___re.wav.pt,re
2460257.733025_Tautenburg___5416-8698kHz___10-11.7s___re.wav.pt,re
2460390.663924_Tautenburg___6087-8831kHz___10-11.6s___re.wav.pt,re
2460394.488218_Tautenburg___5015-8882kHz___10-11.3s___re.wav.pt,re
2459907.167666_Tautenburg___5618-8719kHz___20-30s___re.wav.pt,re
2460234.665286_Tautenburg___5537-8638kHz___10-11.9s___re.wav.pt,re
2459895.166900_Tautenburg___5437-8618kHz___10-11.9s___re.wav.pt,re
2460392.417459_Tautenburg___5464-8907kHz___10-11.5s___re.wav.pt,re
2460270.750184_Tautenburg___5335-9161kHz___10-12.4s___re.wav.pt,re
2460259.277784_Tautenburg___6061-9806kHz___10-11.4s___re.wav.pt,re
2460243.720911_Tautenburg___5477-8799kHz___10-12.1s___re.wav.pt,re
2460244.533253_Tautenburg___5799-8819kHz___10-11.1s___re.wav.pt,re
2460389.328710_Tautenburg___5389-9181kHz___10-11.4s___re.wav.pt,re
2459899.738447_Tautenburg___4813-7994kHz___10-12.2s___re.wav.pt,re
2460249.603821_Tautenburg___6283-8598kHz___10-11.6s___re.wav.pt,re
2460248.367206_Tautenburg___5174-9020kHz___10-14.1s___re.wav.pt,re
2460394.488360_Tautenburg___6462-8308kHz___10-11s___re.wav.pt,re
2459998.683029_Tautenburg___5658-9121kHz___10-11.8s___re.wav.pt,re
2459895.336520_Tautenburg___5860-8417kHz___10-11.3s___re.wav.pt,re
2459865.681197_Tautenburg___6181-10027kHz___10-11s___st.wav.pt,st
2460259.277923_Tautenburg___5396-8758kHz___10-11.5s___re.wav.pt,re
2460218.446621_Tautenburg___6141-10289kHz___10-11.6s___st.wav.pt,st
2460022.684825_Tautenburg___5336-8658kHz___10-14.5s___re.wav.pt,re
2459862.425434_Tautenburg___5436-8678kHz___10-11.1s___st.wav.pt,st
2459865.668930_Tautenburg___5598-9585kHz___10-11.3s___st.wav.pt,st
2459847.670890_Tautenburg___6463-9423kHz___10-11.3s___st.wav.pt,st
2459864.534523_Tautenburg___5980-10269kHz___10-11.1s___st.wav.pt,st
2460223.690845_Tautenburg___6483-11859kHz___10-11.3s___st.wav.pt,st
2459657.535835_Tautenburg___6564-10249kHz___10-11.3s___st.wav.pt,st
2459864.548731_Tautenburg___6725-10208kHz___10-11s___st.wav.pt,st
2460212.645289_Tautenburg___6182-10571kHz___10-13.4s___st.wav.pt,st
2459651.582782_Tautenburg___5094-9966kHz___10-11.9s___st.wav.pt,st
2460229.197755_Tautenburg___6363-10068kHz___10-11.1s___st.wav.pt,st
2459813.459877_Tautenburg___6362-10530kHz___10-11.2s___st.wav.pt,st
2460023.349629_Tautenburg___5759-10470kHz___10-11.7s___st.wav.pt,st
2460231.710336_Tautenburg___6403-10510kHz___10-11.4s___st.wav.pt,st
2460188.608683_Tautenburg___6826-10813kHz___10-12.1s___st.wav.pt,st
2459652.476766_Tautenburg___6443-9604kHz___10-11.4s___st.wav.pt,st
2460242.720959_Tautenburg___6685-11598kHz___10-11.2s___st.wav.pt,st
2460029.657254_Tautenburg___5477-9121kHz___10-11.2s___re.wav.pt,re
2460255.737021_Tautenburg___6121-9544kHz___10-12.1s___re.wav.pt,re
2460258.739810_Tautenburg___5980-8618kHz___10-11.4s___re.wav.pt,re
2460390.621233_Tautenburg___5763-8657kHz___10-11.8s___re.wav.pt,re
2459895.576299_Tautenburg___5477-8034kHz___10-11.6s___re.wav.pt,re
2460263.747525_Tautenburg___5819-8457kHz___10-11.8s___re.wav.pt,re
2460392.257248_Tautenburg___6112-8632kHz___10-11.5s___re.wav.pt,re
2460248.184012_Tautenburg___6805-8859kHz___10-11.3s___re.wav.pt,re
2460390.657710_Tautenburg___5240-7909kHz___10-11.2s___re.wav.pt,re
2460028.438768_Tautenburg___5960-9000kHz___10-11.8s___re.wav.pt,re
2460265.535620_Tautenburg___5497-9202kHz___10-11.8s___re.wav.pt,re
2460267.758244_Tautenburg___5416-9060kHz___10-16s___re.wav.pt,re
2460046.421958_Tautenburg___5256-8779kHz___10-12s___re.wav.pt,re
2460254.174571_Tautenburg___6201-10147kHz___10-11.8s___re.wav.pt,re
2460265.429731_Tautenburg___6141-8658kHz___10-11.2s___re.wav.pt,re
2460221.242448_Tautenburg___5235-9061kHz___10-11.4s___re.wav.pt,re
2460257.321221_Tautenburg___5477-8618kHz___10-11.5s___re.wav.pt,re
2460257.584812_Tautenburg___5819-8900kHz___10-11.6s___re.wav.pt,re
2460244.463176_Tautenburg___5678-8839kHz___10-11.4s___re.wav.pt,re
2459872.483303_Tautenburg___5336-7792kHz___10-11.2s___re.wav.pt,re
2459897.168126_Tautenburg___5416-9242kHz___10-12s___re.wav.pt,re
2459865.515773_Tautenburg___5396-8195kHz___10-11.2s___re.wav.pt,re
2460254.727662_Tautenburg___5960-8577kHz___10-11.2s___re.wav.pt,re
2460268.758305_Tautenburg___5578-8699kHz___10-12.4s___re.wav.pt,re
2460248.724680_Tautenburg___6141-8940kHz___10-11.9s___re.wav.pt,re
2459865.513386_Tautenburg___5437-8336kHz___10-11.6s___re.wav.pt,re
2460259.732108_Tautenburg___5637-9181kHz___10-12s___re.wav.pt,re
2459895.167604_Tautenburg___5336-9041kHz___10-11.9s___re.wav.pt,re
2459897.167393_Tautenburg___5960-9403kHz___10-11.4s___re.wav.pt,re
2460250.351312_Tautenburg___5799-8215kHz___10-11.3s___re.wav.pt,re
2460024.428117_Tautenburg___4872-8456kHz___10-12.1s___re.wav.pt,re
2460025.673649_Tautenburg___5054-8557kHz___10-13.2s___re.wav.pt,re
2459895.167446_Tautenburg___5840-9021kHz___10-12.3s___re.wav.pt,re
2460248.226038_Tautenburg___5336-8497kHz___10-12s___re.wav.pt,re
2460270.736993_Tautenburg___5477-8517kHz___10-11.5s___re.wav.pt,re
2460236.421090_Tautenburg___6242-9524kHz___10-11.6s___re.wav.pt,re
2460240.502606_Tautenburg___4993-8879kHz___10-12.5s___re.wav.pt,re
2459673.556744_Tautenburg___5155-7974kHz___10-11.4s___re.wav.pt,re
2460027.669173_Tautenburg___5074-8980kHz___10-11.6s___re.wav.pt,re
2460033.662007_Tautenburg___5718-9101kHz___10-11.6s___re.wav.pt,re
2460022.438553_Tautenburg___5537-9201kHz___10-11.7s___re.wav.pt,re
2459897.166931_Tautenburg___5839-9242kHz___10-11.7s___re.wav.pt,re
2460270.234764_Tautenburg___6362-8718kHz___10-10.9s___re.wav.pt,re
2460389.245930_Tautenburg___6387-8807kHz___10-11.3s___re.wav.pt,re
2460029.450478_Tautenburg___5698-8819kHz___10-11.9s___re.wav.pt,re
2460263.747459_Tautenburg___5658-9282kHz___10-14s___re.wav.pt,re
2460392.380397_Tautenburg___5015-9181kHz___10-12.9s___re.wav.pt,re
2460408.404159_Tautenburg___5658-7994kHz___10-11.7s___re.wav.pt,re
2459896.457638_Tautenburg___5497-8578kHz___10-11.3s___re.wav.pt,re
2460226.430706_Tautenburg___5517-8718kHz___10-11.3s___re.wav.pt,re
2459897.167892_Tautenburg___5920-9343kHz___10-11.8s___re.wav.pt,re
2460262.443566_Tautenburg___5940-8698kHz___10-11.8s___re.wav.pt,re
2460389.246912_Tautenburg___6312-9231kHz___10-11.3s___re.wav.pt,re
2460253.365646_Tautenburg___6604-9302kHz___10-11.2s___re.wav.pt,re
2460244.413513_Tautenburg___5779-8618kHz___10-11.7s___re.wav.pt,re
2460270.234632_Tautenburg___5779-8477kHz___10-11.6s___re.wav.pt,re
2460253.365675_Tautenburg___5578-9101kHz___10-11.5s___re.wav.pt,re
2460249.449216_Tautenburg___5658-8094kHz___10-11.5s___re.wav.pt,re
2460258.740528_Tautenburg___5718-9060kHz___10-11.7s___re.wav.pt,re
2460392.252948_Tautenburg___5963-8757kHz___10-12.7s___re.wav.pt,re
2460022.290336_Tautenburg___4550-9604kHz___10-25.7s___re.wav.pt,re
2459908.702167_Tautenburg___5779-8215kHz___10-11.4s___re.wav.pt,re
2459872.486122_Tautenburg___5537-8275kHz___10-11.3s___re.wav.pt,re
2460027.258869_Tautenburg___4531-9142kHz___10-12.3s___re.wav.pt,re
2460223.640471_Tautenburg___5477-8316kHz___10-11.5s___re.wav.pt,re
2459896.733769_Tautenburg___6021-8618kHz___10-11.4s___re.wav.pt,re
2460268.758269_Tautenburg___4873-8940kHz___10-13.4s___re.wav.pt,re
2460268.758474_Tautenburg___5577-9181kHz___10-11.5s___re.wav.pt,re
2460261.739799_Tautenburg___5839-8698kHz___10-12.8s___re.wav.pt,re
2460022.496716_Tautenburg___5356-8497kHz___10-11.7s___re.wav.pt,re
2460241.333760_Tautenburg___5578-8679kHz___10-11.7s___re.wav.pt,re
2460269.733018_Tautenburg___5839-8698kHz___10-12s___re.wav.pt,re
2460048.389983_Tautenburg___5135-8638kHz___10-11.8s___re.wav.pt,re
2460255.740092_Tautenburg___5115-9142kHz___10-14.5s___re.wav.pt,re
2460250.707807_Tautenburg___5980-8759kHz___10-11.1s___re.wav.pt,re
2460025.355381_Tautenburg___5698-9322kHz___10-11.8s___re.wav.pt,re
2459861.599161_Tautenburg___5638-8094kHz___10-11.1s___re.wav.pt,re
2460268.758663_Tautenburg___6242-8799kHz___10-11.7s___re.wav.pt,re
2460234.647039_Tautenburg___5215-8376kHz___10-12.1s___re.wav.pt,re
2460259.165755_Tautenburg___5558-8779kHz___10-11.3s___re.wav.pt,re
2460268.758780_Tautenburg___5376-8618kHz___10-11.6s___re.wav.pt,re
2460268.758465_Tautenburg___5920-8417kHz___10-11s___re.wav.pt,re
2460268.758215_Tautenburg___5698-9141kHz___10-14s___re.wav.pt,re
2460265.224664_Tautenburg___5618-8175kHz___10-11.6s___re.wav.pt,re
2459895.552790_Tautenburg___5658-8457kHz___10-11.3s___re.wav.pt,re
2460268.758424_Tautenburg___6061-9182kHz___10-11.4s___re.wav.pt,re
2459679.628772_Tautenburg___5718-8698kHz___10-11.4s___re.wav.pt,re
2460265.365924_Tautenburg___6222-8980kHz___10-11.4s___re.wav.pt,re
2459907.362786_Tautenburg___6000-8718kHz___10-11.8s___re.wav.pt,re
2460241.223594_Tautenburg___5497-8638kHz___10-11.1s___re.wav.pt,re
2460244.727182_Tautenburg___5557-8899kHz___10-11.9s___re.wav.pt,re
2460266.526222_Tautenburg___6060-8396kHz___10-11.3s___re.wav.pt,re
2460027.255065_Tautenburg___5074-9000kHz___10-11.6s___re.wav.pt,re
2460025.672951_Tautenburg___5054-8155kHz___10-11.6s___re.wav.pt,re
2459871.293610_Tautenburg___5316-8376kHz___10-10.9s___re.wav.pt,re
2460258.528067_Tautenburg___5275-9181kHz___10-11.6s___re.wav.pt,re
2460028.660984_Tautenburg___5618-9061kHz___10-11.7s___re.wav.pt,re
2460242.717422_Tautenburg___4993-8637kHz___10-11.3s___re.wav.pt,re
2460390.566551_Tautenburg___6087-8931kHz___10-11.6s___re.wav.pt,re
2460254.739098_Tautenburg___5517-8960kHz___10-14.7s___re.wav.pt,re
2460392.255001_Tautenburg___5439-8882kHz___10-11.4s___re.wav.pt,re
2460244.421252_Tautenburg___5497-8316kHz___10-11.5s___re.wav.pt,re
2460026.682311_Tautenburg___5517-9222kHz___10-11.3s___re.wav.pt,re
2460254.157684_Tautenburg___5718-8980kHz___10-11.5s___re.wav.pt,re
2460028.262897_Tautenburg___5457-8316kHz___10-20.3s___re.wav.pt,re
2460266.222091_Tautenburg___6021-9202kHz___10-11.2s___re.wav.pt,re
2460023.364323_Tautenburg___4853-8517kHz___10-12.3s___re.wav.pt,re
2460268.758393_Tautenburg___6745-9282kHz___10-11.3s___re.wav.pt,re
2460399.530583_Tautenburg___5189-9081kHz___10-11.5s___re.wav.pt,re
2460247.723444_Tautenburg___5658-9000kHz___10-11.7s___re.wav.pt,re
2460244.489977_Tautenburg___5517-8658kHz___10-11.4s___re.wav.pt,re
2460263.747365_Tautenburg___5920-9363kHz___10-12.2s___re.wav.pt,re
2459674.476669_Tautenburg___5980-8698kHz___10-11.2s___re.wav.pt,re
2460023.402367_Tautenburg___1470-3745kHz___10-17.4s___re.wav.pt,re
2459897.167707_Tautenburg___5779-9403kHz___10-11.8s___re.wav.pt,re
2460261.413490_Tautenburg___5980-8759kHz___10-11.4s___re.wav.pt,re
2459896.391357_Tautenburg___6262-9020kHz___10-11.5s___re.wav.pt,re
2460271.721785_Tautenburg___6122-8739kHz___10-11.1s___re.wav.pt,re
2459861.558450_Tautenburg___5558-8477kHz___10-11.1s___re.wav.pt,re
2460394.331718_Tautenburg___4915-8707kHz___10-11.4s___re.wav.pt,re
2459895.667050_Tautenburg___5316-8437kHz___10-11.7s___re.wav.pt,re
2460392.387616_Tautenburg___5688-8682kHz___10-11.8s___re.wav.pt,re
2460033.593528_Tautenburg___5014-9061kHz___10-11.9s___re.wav.pt,re
2460023.630435_Tautenburg___5215-9302kHz___10-11.9s___re.wav.pt,re
2460263.747412_Tautenburg___5597-9241kHz___10-13.1s___re.wav.pt,re
2460235.513148_Tautenburg___5295-8235kHz___10-12s___re.wav.pt,re
2460272.751629_Tautenburg___6121-9020kHz___10-12.2s___re.wav.pt,re
2460273.561248_Tautenburg___5919-8295kHz___10-11.3s___re.wav.pt,re
2459675.558799_Tautenburg___5518-8437kHz___10-11.6s___re.wav.pt,re
2460264.741021_Tautenburg___5477-9242kHz___10-17.4s___re.wav.pt,re
2460028.546065_Tautenburg___5396-8718kHz___10-11.8s___re.wav.pt,re
2460024.670897_Tautenburg___4994-8215kHz___10-12.2s___re.wav.pt,re
2460248.402483_Tautenburg___5819-8940kHz___10-12.1s___re.wav.pt,re
2460022.380612_Tautenburg___5356-8678kHz___10-11.9s___re.wav.pt,re
2460390.411903_Tautenburg___5764-8059kHz___10-11.7s___re.wav.pt,re
2460023.350650_Tautenburg___5517-8457kHz___10-12.5s___re.wav.pt,re
2460035.663636_Tautenburg___5759-9162kHz___10-11.6s___re.wav.pt,re
2460405.506656_Tautenburg___6242-8739kHz___10-11.6s___re.wav.pt,re
2460258.584979_Tautenburg___5758-9040kHz___10-11.4s___re.wav.pt,re
2460381.678051_Tautenburg___5396-8436kHz___10-11.6s___re.wav.pt,re
2459899.645206_Tautenburg___6644-8476kHz___10-10.9s___re.wav.pt,re
2460265.330627_Tautenburg___5759-8276kHz___10-11.7s___re.wav.pt,re
2460263.747307_Tautenburg___5799-8759kHz___10-11.6s___re.wav.pt,re
2460384.374036_Tautenburg___5813-7909kHz___10-11.6s___re.wav.pt,re
2460024.520823_Tautenburg___5477-8900kHz___10-11.8s___re.wav.pt,re
2460027.680917_Tautenburg___5517-8799kHz___10-12s___re.wav.pt,re
2459664.545281_Tautenburg___5799-9222kHz___10-11.2s___re.wav.pt,re
2459872.707564_Tautenburg___5738-8738kHz___10-11.1s___re.wav.pt,re
2459865.558678_Tautenburg___5899-8839kHz___10-11.2s___re.wav.pt,re
2460027.274678_Tautenburg___5477-9141kHz___10-11.7s___re.wav.pt,re
2460028.621552_Tautenburg___5215-9262kHz___10-12s___re.wav.pt,re
2459997.670671_Tautenburg___5034-8618kHz___10-11.4s___re.wav.pt,re
2459668.564179_Tautenburg___6182-8377kHz___10-11.2s___re.wav.pt,re
2460244.403158_Tautenburg___6282-8839kHz___10-12s___re.wav.pt,re
2459895.576214_Tautenburg___6000-8517kHz___10-11.7s___re.wav.pt,re
2459896.699108_Tautenburg___6262-8779kHz___10-11.3s___re.wav.pt,re
2460235.704451_Tautenburg___5014-8356kHz___10-12s___re.wav.pt,re
2459895.167619_Tautenburg___4510-9966kHz___10-12s___re.wav.pt,re
2460269.193398_Tautenburg___6262-8799kHz___10-11.5s___re.wav.pt,re
2460248.413320_Tautenburg___6001-8860kHz___10-11.4s___re.wav.pt,re
2460255.730664_Tautenburg___5236-8719kHz___10-13.2s___re.wav.pt,re
2459872.534120_Tautenburg___5678-7953kHz___10-11.3s___re.wav.pt,re
2460022.290336_Tautenburg___4550-9604kHz___10-15.7s___re.wav.pt,re
2460027.521272_Tautenburg___5356-8416kHz___10-12s___re.wav.pt,re
2460244.492555_Tautenburg___5457-8538kHz___10-16.4s___re.wav.pt,re
2460253.430303_Tautenburg___5859-8960kHz___10-11.4s___re.wav.pt,re
2460022.453788_Tautenburg___5759-9162kHz___10-12.2s___re.wav.pt,re
2460027.644624_Tautenburg___4933-8618kHz___10-12s___re.wav.pt,re
2460259.193356_Tautenburg___5678-8738kHz___10-11.3s___re.wav.pt,re
2460268.758500_Tautenburg___5759-9182kHz___10-11.4s___re.wav.pt,re
2459895.317275_Tautenburg___5477-8195kHz___10-11.3s___re.wav.pt,re
2460373.697868_Tautenburg___5799-8296kHz___10-11.5s___re.wav.pt,re
2460252.167973_Tautenburg___5095-8900kHz___10-15.8s___re.wav.pt,re
2460254.740510_Tautenburg___5839-9101kHz___10-15.9s___re.wav.pt,re
2460234.659210_Tautenburg___5074-8134kHz___10-11.9s___re.wav.pt,re
2460261.446466_Tautenburg___5981-8880kHz___10-11.7s___re.wav.pt,re
2460259.165846_Tautenburg___6181-8859kHz___10-11.4s___re.wav.pt,re
2460248.721733_Tautenburg___5618-8437kHz___10-11.9s___re.wav.pt,re
2460248.402198_Tautenburg___5538-9021kHz___10-13.4s___re.wav.pt,re
2460023.367790_Tautenburg___5155-8638kHz___10-11.7s___re.wav.pt,re
2460250.707428_Tautenburg___6242-8457kHz___10-11.2s___re.wav.pt,re
2459896.454809_Tautenburg___5457-9242kHz___10-12s___re.wav.pt,re
2460245.322205_Tautenburg___5919-9221kHz___10-11.3s___re.wav.pt,re
2459897.168794_Tautenburg___6202-9403kHz___10-11.5s___re.wav.pt,re
2460389.245981_Tautenburg___5838-8333kHz___10-17s___re.wav.pt,re
2459865.498376_Tautenburg___5759-7994kHz___10-11.3s___re.wav.pt,re
2460274.387583_Tautenburg___5819-8296kHz___10-11.3s___re.wav.pt,re
2459654.358820_Tautenburg___5537-8215kHz___10-11.5s___re.wav.pt,re
2460390.621439_Tautenburg___5165-8708kHz___10-11.4s___re.wav.pt,re
2459870.580009_Tautenburg___5960-8618kHz___10-11.2s___re.wav.pt,re
2460248.241111_Tautenburg___5255-8919kHz___10-11.4s___re.wav.pt,re
2460390.484346_Tautenburg___5439-8034kHz___10-11.5s___re.wav.pt,re
2460392.255340_Tautenburg___5639-8782kHz___10-11.5s___re.wav.pt,re
2459895.169865_Tautenburg___5235-8678kHz___10-11.7s___re.wav.pt,re
2460234.630262_Tautenburg___4551-7913kHz___10-11.7s___re.wav.pt,re
2460267.207206_Tautenburg___5537-8618kHz___10-11.6s___re.wav.pt,re
2460234.387673_Tautenburg___5497-8638kHz___10-11.8s___re.wav.pt,re
2460414.580404_Tautenburg___5175-8235kHz___10-11.6s___re.wav.pt,re
2459895.470426_Tautenburg___5597-8597kHz___10-11.4s___re.wav.pt,re
2460248.184382_Tautenburg___5497-8779kHz___10-12.1s___re.wav.pt,re
2460383.493330_Tautenburg___5114-8482kHz___10-12.1s___re.wav.pt,re
2460249.437535_Tautenburg___6241-8899kHz___10-12.2s___re.wav.pt,re
2460241.714314_Tautenburg___5195-8477kHz___10-11.7s___re.wav.pt,re
2460255.161594_Tautenburg___6564-9645kHz___10-11.5s___re.wav.pt,re
2460028.456290_Tautenburg___5075-8578kHz___10-11.7s___re.wav.pt,re
2460265.263464_Tautenburg___6463-8235kHz___10-11.1s___re.wav.pt,re
2459869.373400_Tautenburg___6262-8275kHz___10-11.2s___re.wav.pt,re
2460272.758952_Tautenburg___5900-8356kHz___10-11.3s___re.wav.pt,re
2460243.265261_Tautenburg___5759-9222kHz___10-11.3s___re.wav.pt,re
2460033.514504_Tautenburg___5517-8940kHz___10-12.1s___re.wav.pt,re
2460027.527478_Tautenburg___4712-8235kHz___10-12s___re.wav.pt,re
2460046.434388_Tautenburg___5235-8779kHz___10-11.7s___re.wav.pt,re
2460270.269870_Tautenburg___5899-8859kHz___10-11.3s___re.wav.pt,re
2460390.611612_Tautenburg___5689-8408kHz___10-11.1s___re.wav.pt,re
2460022.681911_Tautenburg___5255-9181kHz___10-12.1s___re.wav.pt,re
2460248.184363_Tautenburg___6303-9222kHz___10-11.1s___re.wav.pt,re
2459895.167554_Tautenburg___5759-8638kHz___10-11.1s___re.wav.pt,re
2460023.544758_Tautenburg___5577-8557kHz___10-12.1s___re.wav.pt,re
2459907.258579_Tautenburg___5859-8275kHz___10-11.3s___re.wav.pt,re
2460268.758386_Tautenburg___5457-7954kHz___10-11.6s___re.wav.pt,re
2460248.486208_Tautenburg___5577-8275kHz___10-11.4s___re.wav.pt,re
2460254.707262_Tautenburg___5799-8356kHz___10-12s___re.wav.pt,re
2459871.553319_Tautenburg___5296-8175kHz___10-10.9s___re.wav.pt,re
2459675.552380_Tautenburg___5457-8558kHz___10-11.6s___re.wav.pt,re
2460024.500408_Tautenburg___5618-8839kHz___10-11.3s___re.wav.pt,re
2460248.184345_Tautenburg___5457-8256kHz___10-11.9s___re.wav.pt,re
2459671.681092_Tautenburg___5476-9060kHz___10-11.5s___re.wav.pt,re
2460259.165608_Tautenburg___6262-9544kHz___10-11s___re.wav.pt,re
2460257.353967_Tautenburg___6383-9282kHz___10-11.5s___re.wav.pt,re
2460405.553862_Tautenburg___5577-8617kHz___10-11.5s___re.wav.pt,re
2460025.588414_Tautenburg___4993-8235kHz___10-11.7s___re.wav.pt,re
2460248.184531_Tautenburg___5900-8517kHz___10-11.6s___re.wav.pt,re
2460029.509178_Tautenburg___5799-8316kHz___10-11.3s___re.wav.pt,re
2460265.727373_Tautenburg___5296-8075kHz___10-11.7s___re.wav.pt,re
2460259.732214_Tautenburg___5296-8075kHz___10-11.4s___re.wav.pt,re
2460024.644933_Tautenburg___5376-8517kHz___10-12.1s___re.wav.pt,re
2460226.489661_Tautenburg___5779-9504kHz___10-11.6s___re.wav.pt,re
2459865.454382_Tautenburg___5597-8597kHz___10-11.2s___re.wav.pt,re
2459863.477695_Tautenburg___5477-8336kHz___10-11.4s___re.wav.pt,re
2460250.675131_Tautenburg___6101-8517kHz___10-11.8s___re.wav.pt,re
2460244.413249_Tautenburg___6021-8538kHz___10-11.5s___re.wav.pt,re
2460384.548223_Tautenburg___5588-7684kHz___10-11.7s___re.wav.pt,re
2459681.523238_Tautenburg___4812-7872kHz___10-11.1s___re.wav.pt,re
2459861.395438_Tautenburg___5820-9343kHz___10-11.1s___re.wav.pt,re
2460254.739041_Tautenburg___6342-8476kHz___10-11s___re.wav.pt,re
2460023.354522_Tautenburg___4893-8497kHz___10-13.3s___re.wav.pt,re
2460402.643806_Tautenburg___6087-8831kHz___10-11.7s___re.wav.pt,re
2460255.728580_Tautenburg___5215-9564kHz___10-16.1s___re.wav.pt,re
2460252.735408_Tautenburg___6161-9242kHz___10-11.5s___re.wav.pt,re
2460028.672842_Tautenburg___5416-9302kHz___10-12s___re.wav.pt,re
2459894.405624_Tautenburg___5859-10027kHz___10-11.1s___re.wav.pt,re
2460248.417472_Tautenburg___5034-8255kHz___10-11.3s___re.wav.pt,re
2459680.623366_Tautenburg___4792-7933kHz___10-11.8s___re.wav.pt,re
2459894.405663_Tautenburg___5215-9161kHz___10-11.8s___re.wav.pt,re
2460384.534741_Tautenburg___5264-7734kHz___10-11.2s___re.wav.pt,re
2460251.735018_Tautenburg___5597-8537kHz___10-11.5s___re.wav.pt,re
2460249.416236_Tautenburg___6363-9101kHz___10-11.8s___re.wav.pt,re
2460044.584246_Tautenburg___5356-8537kHz___10-11.7s___re.wav.pt,re
2460259.732049_Tautenburg___5095-9182kHz___10-11.8s___re.wav.pt,re
2460022.681294_Tautenburg___4450-10188kHz___10-13.2s___re.wav.pt,re
2460234.623072_Tautenburg___4833-8820kHz___10-11.7s___re.wav.pt,re
2459681.577181_Tautenburg___5920-8960kHz___10-11.6s___re.wav.pt,re
2459907.341805_Tautenburg___5738-9402kHz___10-11.4s___re.wav.pt,re
2460244.373851_Tautenburg___5578-9101kHz___10-11.9s___re.wav.pt,re
2460248.402268_Tautenburg___5658-8235kHz___10-17.2s___re.wav.pt,re
2460259.241831_Tautenburg___5537-8698kHz___10-11.7s___re.wav.pt,re
2459865.387569_Tautenburg___5779-8658kHz___10-11.6s___re.wav.pt,re
2460249.582432_Tautenburg___5719-8578kHz___10-11.7s___re.wav.pt,re
2460252.216320_Tautenburg___6001-9504kHz___10-11.4s___re.wav.pt,re
2460243.331581_Tautenburg___5900-8799kHz___10-11.4s___re.wav.pt,re
2459684.449271_Tautenburg___5034-7893kHz___10-11.3s___re.wav.pt,re
2459907.167666_Tautenburg___5618-8719kHz___10-11.8s___re.wav.pt,re
2459665.265764_Tautenburg___4732-8115kHz___10-11.5s___re.wav.pt,re
2460259.165558_Tautenburg___6141-9161kHz___10-13.4s___re.wav.pt,re
2459872.468143_Tautenburg___5598-8054kHz___10-11.2s___re.wav.pt,re
2460234.705035_Tautenburg___6040-8738kHz___10-11.3s___re.wav.pt,re
2459897.168552_Tautenburg___5839-9564kHz___10-11.8s___re.wav.pt,re
2460225.697207_Tautenburg___4994-8215kHz___10-11.5s___re.wav.pt,re
2460243.313908_Tautenburg___4772-8376kHz___10-11.5s___re.wav.pt,re
2460271.242046_Tautenburg___5034-8477kHz___10-11.6s___re.wav.pt,re
2459896.421611_Tautenburg___5778-8436kHz___10-11.4s___re.wav.pt,re
2460265.630887_Tautenburg___5477-8880kHz___10-12s___re.wav.pt,re
2460244.466650_Tautenburg___5235-8577kHz___10-11.7s___re.wav.pt,re
2460255.732382_Tautenburg___6041-9122kHz___10-11.1s___re.wav.pt,re
2460244.414189_Tautenburg___5718-8497kHz___10-11.7s___re.wav.pt,re
2459899.741457_Tautenburg___5799-8175kHz___10-11.7s___re.wav.pt,re
2460027.657128_Tautenburg___5115-8014kHz___10-11.7s___re.wav.pt,re
2460246.725710_Tautenburg___5940-8920kHz___10-11.4s___re.wav.pt,re
2460248.412980_Tautenburg___5759-8296kHz___10-13.5s___re.wav.pt,re
2460244.302633_Tautenburg___4974-9685kHz___10-12s___re.wav.pt,re
2460025.393408_Tautenburg___5356-7953kHz___10-11.6s___re.wav.pt,re
2460243.360322_Tautenburg___5497-8920kHz___10-11.5s___re.wav.pt,re
2460241.425650_Tautenburg___4933-8859kHz___10-11.5s___re.wav.pt,re
2460244.515664_Tautenburg___5981-9504kHz___10-11.7s___re.wav.pt,re
2460048.382970_Tautenburg___5437-8960kHz___10-11.7s___re.wav.pt,re
2460384.476861_Tautenburg___5688-8008kHz___10-11s___re.wav.pt,re
2460243.340744_Tautenburg___5014-9282kHz___10-11.7s___re.wav.pt,re
2460248.375026_Tautenburg___5497-9161kHz___10-11.9s___re.wav.pt,re
2460263.649726_Tautenburg___5397-8900kHz___10-14.6s___re.wav.pt,re
2460234.669587_Tautenburg___5194-8154kHz___10-11.6s___re.wav.pt,re
2459897.308352_Tautenburg___5839-8779kHz___10-11.3s___re.wav.pt,re
2459908.719343_Tautenburg___5719-8840kHz___10-11.4s___re.wav.pt,re
2459865.274908_Tautenburg___5436-8114kHz___10-11.5s___re.wav.pt,re
2460244.320248_Tautenburg___5557-8879kHz___10-11.4s___re.wav.pt,re
2460033.667182_Tautenburg___5296-8175kHz___10-11.6s___re.wav.pt,re
2460251.713906_Tautenburg___6262-8879kHz___10-11.8s___re.wav.pt,re
2460392.255424_Tautenburg___5764-8533kHz___10-11.6s___re.wav.pt,re
2460250.288389_Tautenburg___6181-8919kHz___10-11.3s___re.wav.pt,re
2460259.193132_Tautenburg___6282-8980kHz___10-11.5s___re.wav.pt,re
2460263.649839_Tautenburg___5135-8296kHz___10-11.7s___re.wav.pt,re
2460022.546124_Tautenburg___5537-9584kHz___10-11.6s___re.wav.pt,re
2459908.275318_Tautenburg___6262-8618kHz___10-11.4s___re.wav.pt,re
2460243.357115_Tautenburg___5396-8698kHz___10-11.4s___re.wav.pt,re
2459864.572704_Tautenburg___5617-8899kHz___10-11.2s___re.wav.pt,re
2460243.724723_Tautenburg___5417-8256kHz___10-11.5s___re.wav.pt,re
2460241.356695_Tautenburg___5880-8477kHz___10-11.5s___re.wav.pt,re
2460260.738021_Tautenburg___5597-9825kHz___10-15.5s___re.wav.pt,re
2459655.361866_Tautenburg___5114-8356kHz___10-13s___re.wav.pt,re
2460270.219876_Tautenburg___6081-8799kHz___10-11.1s___re.wav.pt,re
2459872.572345_Tautenburg___5396-7611kHz___10-11.1s___re.wav.pt,re
2459665.322360_Tautenburg___5336-8799kHz___10-11.5s___re.wav.pt,re
2460234.692604_Tautenburg___5256-8155kHz___10-11.9s___re.wav.pt,re
2460028.399702_Tautenburg___5779-8558kHz___10-11.7s___re.wav.pt,re
2460389.246074_Tautenburg___6187-8757kHz___10-10.9s___re.wav.pt,re
2460261.538580_Tautenburg___5456-9362kHz___10-11.6s___re.wav.pt,re
2460248.724802_Tautenburg___6383-9202kHz___10-11.3s___re.wav.pt,re
2460234.650161_Tautenburg___5658-8799kHz___10-11.9s___re.wav.pt,re
2460243.727279_Tautenburg___5416-8778kHz___10-11.3s___re.wav.pt,re
2460248.251009_Tautenburg___5457-8860kHz___10-11.1s___re.wav.pt,re
2460252.726328_Tautenburg___5698-8698kHz___10-11.4s___re.wav.pt,re
2459907.167660_Tautenburg___4410-9363kHz___10-28.5s___re.wav.pt,re
2460255.740245_Tautenburg___4933-8980kHz___10-11.7s___re.wav.pt,re
2460028.265357_Tautenburg___5356-8477kHz___10-12.4s___re.wav.pt,re
2459895.403355_Tautenburg___5577-8859kHz___10-11.3s___re.wav.pt,re
2460248.398131_Tautenburg___6262-8759kHz___10-11.8s___re.wav.pt,re
2459870.421823_Tautenburg___5678-8537kHz___10-11.6s___re.wav.pt,re
2460259.167717_Tautenburg___5658-8416kHz___10-13.2s___re.wav.pt,re
2460247.691095_Tautenburg___5558-9363kHz___10-11.7s___re.wav.pt,re
2460236.345761_Tautenburg___5155-8558kHz___10-11.7s___re.wav.pt,re
2459894.405614_Tautenburg___5638-9302kHz___10-11.1s___re.wav.pt,re
2460255.161352_Tautenburg___5980-9423kHz___10-19.1s___re.wav.pt,re
2460234.692497_Tautenburg___6101-8960kHz___10-12.1s___re.wav.pt,re
2460259.732167_Tautenburg___5094-8537kHz___10-13.1s___re.wav.pt,re
2460252.472648_Tautenburg___5034-8719kHz___10-11.9s___re.wav.pt,re
2460248.466594_Tautenburg___6181-8658kHz___10-11.1s___re.wav.pt,re
2459864.505795_Tautenburg___5879-8577kHz___10-11.1s___re.wav.pt,re
2460257.732923_Tautenburg___5537-9423kHz___10-12.3s___re.wav.pt,re
2459656.572345_Tautenburg___5859-8295kHz___10-11.5s___re.wav.pt,re
2460259.166451_Tautenburg___5899-8315kHz___10-11.6s___re.wav.pt,re
2460023.539828_Tautenburg___5094-8940kHz___10-12.2s___re.wav.pt,re
2460223.621664_Tautenburg___5638-9101kHz___10-11.8s___re.wav.pt,re
2459684.520424_Tautenburg___5396-8376kHz___10-11.7s___re.wav.pt,re
2460234.413756_Tautenburg___5457-8316kHz___10-11.7s___re.wav.pt,re
2460255.740557_Tautenburg___5134-9302kHz___10-11.7s___re.wav.pt,re
2460249.593879_Tautenburg___6201-8597kHz___10-11.5s___re.wav.pt,re
2460029.571292_Tautenburg___5618-9323kHz___10-11.9s___re.wav.pt,re
2459657.397126_Tautenburg___4852-8114kHz___10-11.8s___re.wav.pt,re
2459863.476527_Tautenburg___5497-8517kHz___10-11.1s___re.wav.pt,re
2460250.564644_Tautenburg___5135-8618kHz___10-11.5s___re.wav.pt,re
2460240.451108_Tautenburg___5597-9201kHz___10-11.5s___re.wav.pt,re
2460255.732176_Tautenburg___5658-8920kHz___10-11.5s___re.wav.pt,re
2460384.367345_Tautenburg___5489-8208kHz___10-11.6s___re.wav.pt,re
2460259.168547_Tautenburg___5859-8859kHz___10-11.3s___re.wav.pt,re
2459655.260812_Tautenburg___5738-9342kHz___10-11.7s___re.wav.pt,re
2460257.166706_Tautenburg___5497-8859kHz___10-18.2s___re.wav.pt,re
2460264.167614_Tautenburg___6182-9303kHz___10-11.8s___re.wav.pt,re
2460243.717915_Tautenburg___5436-8456kHz___10-11.5s___re.wav.pt,re
2459872.198460_Tautenburg___6000-8376kHz___10-11.2s___re.wav.pt,re
2460261.396867_Tautenburg___5417-8558kHz___10-11.6s___re.wav.pt,re
2460262.443631_Tautenburg___5316-8719kHz___10-11.8s___re.wav.pt,re
2460266.360097_Tautenburg___5476-9342kHz___10-12s___re.wav.pt,re
2460264.226461_Tautenburg___5598-9121kHz___10-11.9s___re.wav.pt,re
2460234.502990_Tautenburg___5396-8034kHz___10-11.4s___re.wav.pt,re
2460392.255539_Tautenburg___5564-8583kHz___10-12s___re.wav.pt,re
2459894.405845_Tautenburg___5859-8899kHz___10-11.5s___re.wav.pt,re
2460219.444099_Tautenburg___342-5376kHz___10-45.7s___to.wav.pt,to
2460190.603130_Tautenburg___483-8235kHz___10-46.6s___to.wav.pt,to
2460180.616027_Tautenburg___383-9766kHz___10-46.3s___to.wav.pt,to
2460180.616027_Tautenburg___383-9766kHz___9.0-16.3s___to.wav.pt,to
2460180.616027_Tautenburg___383-9766kHz___30-36.3s___to.wav.pt,to
2460180.616027_Tautenburg___383-9766kHz___32.0-36.3s___to.wav.pt,to
2460219.444099_Tautenburg___342-5376kHz___10-19.7s___to.wav.pt,to
2460219.444099_Tautenburg___342-5376kHz___10-15.7s___to.wav.pt,to
2460219.444099_Tautenburg___342-5376kHz___20-29.7s___to.wav.pt,to
2460273.753682_Tautenburg___5920-9544kHz___10-11.4s___b..wav.pt,b
2460190.603130_Tautenburg___483-8235kHz___30-41.6s___to.wav.pt,to
2460269.162806_Tautenburg___5517-9866kHz___10-11.4s___b..wav.pt,b
2459862.572316_Tautenburg___6222-9081kHz___10-10.6s___b..wav.pt,b
2460264.156942_Tautenburg___5960-9624kHz___10-11.4s___b..wav.pt,b
2459628.730790_Tautenburg___2211-5598kHz___10-11.4s___s..wav.pt,s
2459893.303024_Tautenburg___5618-8497kHz___10-11.3s___b..wav.pt,b
2460252.163963_Tautenburg___6161-9886kHz___10-11.3s___b..wav.pt,b
2460267.758583_Tautenburg___5335-8597kHz___10-11.3s___b..wav.pt,b
2460275.759069_Tautenburg___6141-8920kHz___10-11.2s___b..wav.pt,b
2460247.727400_Tautenburg___6081-9504kHz___10-11.4s___b..wav.pt,b
2460251.729343_Tautenburg___5939-8879kHz___10-11.3s___b..wav.pt,b
2460269.162720_Tautenburg___5919-9523kHz___10-11.3s___b..wav.pt,b
2460249.417601_Tautenburg___5880-8377kHz___10-11.4s___b..wav.pt,b
2459834.605677_Tautenburg___6181-9845kHz___10-11.4s___r..wav.pt,r
2459852.681103_Tautenburg___1531-5598kHz___12.5-17.5s___s.wav.pt,s
2459834.428423_Tautenburg___564-4953kHz___10-11.4s___h..wav.pt,h
2460262.743758_Tautenburg___5417-9182kHz___10-11.4s___b..wav.pt,b
2460215.687481_Tautenburg___5437-8820kHz___10-11.3s___b..wav.pt,b
2460253.731114_Tautenburg___6342-9362kHz___10-11.4s___b..wav.pt,b
2460253.156472_Tautenburg___6303-9524kHz___10-11.4s___b..wav.pt,b
2460190.665307_Tautenburg___4088-7491kHz___10-11.4s___tp.wav.pt,tp
2460269.157686_Tautenburg___5678-8738kHz___10-11.3s___b..wav.pt,b
2460259.165774_Tautenburg___5839-9584kHz___10-11.2s___b..wav.pt,b
2460256.168368_Tautenburg___6202-9303kHz___10-11.2s___b..wav.pt,b
2460252.170366_Tautenburg___5517-9000kHz___10-11.3s___b..wav.pt,b
2460274.348794_Tautenburg___5899-8275kHz___10-11.3s___re.wav.pt,re
2460268.307498_Tautenburg___6323-9202kHz___10-11.6s___re.wav.pt,re
2460022.598403_Tautenburg___5074-8678kHz___10-11.7s___re.wav.pt,re
2460022.681392_Tautenburg___4651-9121kHz___10-20.7s___re.wav.pt,re
2460268.225101_Tautenburg___5678-8316kHz___10-11.4s___re.wav.pt,re
2459686.434100_Tautenburg___5235-8356kHz___10-11.6s___re.wav.pt,re
2459900.747041_Tautenburg___6041-8558kHz___10-11.4s___b..wav.pt,b
2460248.710974_Tautenburg___6765-8839kHz___10-11.1s___re.wav.pt,re
2459869.373610_Tautenburg___5637-8275kHz___10-11s___re.wav.pt,re
2460270.749918_Tautenburg___5919-9483kHz___10-11.4s___re.wav.pt,re
2460264.751670_Tautenburg___5658-8155kHz___10-11.3s___re.wav.pt,re
2460234.405294_Tautenburg___6020-8980kHz___10-11.6s___re.wav.pt,re
2460248.364023_Tautenburg___6001-8598kHz___10-12s___re.wav.pt,re
2460259.732711_Tautenburg___5920-9041kHz___10-11.3s___re.wav.pt,re
2459907.167965_Tautenburg___5658-8477kHz___10-11.7s___re.wav.pt,re
2460267.758202_Tautenburg___6423-9302kHz___10-11.4s___re.wav.pt,re
2460268.758413_Tautenburg___5517-8577kHz___10-11.7s___re.wav.pt,re
2460027.680856_Tautenburg___5477-9141kHz___10-11.2s___re.wav.pt,re
2460389.245899_Tautenburg___5190-8209kHz___10-13s___re.wav.pt,re
2459872.460574_Tautenburg___5819-8195kHz___10-11.2s___re.wav.pt,re
2460384.520794_Tautenburg___5164-8482kHz___10-11.5s___re.wav.pt,re
2460259.732018_Tautenburg___5779-9504kHz___10-13s___re.wav.pt,re
2459679.525554_Tautenburg___5537-8879kHz___10-11.7s___re.wav.pt,re
2460234.538262_Tautenburg___4691-9241kHz___10-18s___re.wav.pt,re
2460261.454485_Tautenburg___4994-8679kHz___10-11.1s___re.wav.pt,re
2460239.719309_Tautenburg___5597-9181kHz___10-11.8s___re.wav.pt,re
2459896.466361_Tautenburg___5315-8315kHz___10-11.4s___re.wav.pt,re
2460244.319024_Tautenburg___5396-9906kHz___10-12s___re.wav.pt,re
2460259.166779_Tautenburg___6000-9725kHz___10-11.3s___re.wav.pt,re
2460024.456400_Tautenburg___5658-8577kHz___10-12s___re.wav.pt,re
2460392.255880_Tautenburg___6237-8607kHz___10-11.1s___re.wav.pt,re
2460244.414528_Tautenburg___5436-8416kHz___10-11.5s___re.wav.pt,re
2460241.275310_Tautenburg___5477-8517kHz___10-11.3s___re.wav.pt,re
2459872.616007_Tautenburg___6081-8296kHz___10-10.9s___re.wav.pt,re
2460410.433943_Tautenburg___4671-8819kHz___10-11.4s___re.wav.pt,re
2460029.276674_Tautenburg___5094-9020kHz___10-11.5s___re.wav.pt,re
2460044.444642_Tautenburg___5356-8839kHz___10-11.3s___re.wav.pt,re
2460250.357603_Tautenburg___5840-8135kHz___10-11.6s___re.wav.pt,re
2460025.675216_Tautenburg___5336-8477kHz___10-11.6s___re.wav.pt,re
2460027.255326_Tautenburg___4913-9564kHz___10-13.6s___re.wav.pt,re
2460268.358408_Tautenburg___6142-9061kHz___10-11.5s___re.wav.pt,re
2460259.732185_Tautenburg___5658-8155kHz___10-11.4s___re.wav.pt,re
2460271.251039_Tautenburg___5779-8618kHz___10-12s___re.wav.pt,re
2460213.642435_Tautenburg___504-7168kHz___10-65.6s___to.wav.pt,to
2460211.402853_Tautenburg___665-9282kHz___10-54.1s___to.wav.pt,to
2460198.295682_Tautenburg___363-5638kHz___81.5-122.2s___to.wav.pt,to
2460197.657947_Tautenburg___262-9302kHz___10-66.3s___to.wav.pt,to
2460197.657947_Tautenburg___262-9302kHz___55.0-63s___to.wav.pt,to
2460212.590330_Tautenburg___423-7812kHz___151.0-165.3s___to.wav.pt,to
2460212.590330_Tautenburg___423-7812kHz___140.0-148.0s___to.wav.pt,to
2460235.529084_Tautenburg___222-4853kHz___10-61.5s___to.wav.pt,to
2460212.590330_Tautenburg___423-7812kHz___90.0-99.0s___to.wav.pt,to
2460212.590330_Tautenburg___423-7812kHz___118.0-125.0s___to.wav.pt,to
2460212.590330_Tautenburg___423-7812kHz___132.0-145.0s___to.wav.pt,to
2460197.657947_Tautenburg___262-9302kHz___50-61.3s___to.wav.pt,to
2460212.590330_Tautenburg___423-7812kHz___110.0-165.0s___to.wav.pt,to
2460177.611945_Tautenburg___684-10248kHz___100.8-151.2s___to.wav.pt,to
2460235.529084_Tautenburg___222-4853kHz___50-61.5s___to.wav.pt,to
2460177.611945_Tautenburg___684-10248kHz___140.8-152s___to.wav.pt,to
2460211.635080_Tautenburg___866-9806kHz___36.0-40.3s___to.wav.pt,to
2460177.611945_Tautenburg___684-10248kHz___148-152s___to.wav.pt,to
2460211.635080_Tautenburg___866-9806kHz___0.0-40.0s___to.wav.pt,to
2460211.635080_Tautenburg___866-9806kHz___32.0-40.9s___to.wav.pt,to
2460177.611945_Tautenburg___684-10248kHz___90.4-108s___to.wav.pt,to
2460211.635080_Tautenburg___866-9806kHz___21.0-36.0s___to.wav.pt,to
2460211.635080_Tautenburg___866-9806kHz___20.0-32.0s___to.wav.pt,to
2460195.517745_Tautenburg___362-3302kHz___0.0-49.0s___to.wav.pt,to
2460177.611945_Tautenburg___684-10248kHz___50.4-100.8s___to.wav.pt,to
2460177.611945_Tautenburg___684-10248kHz___100.4-108s___to.wav.pt,to
2460188.492405_Tautenburg___564-8316kHz___36.9-73.7s___to.wav.pt,to
2460188.492405_Tautenburg___564-8316kHz___66.9-77s___to.wav.pt,to
2460193.571605_Tautenburg___403-10088kHz___10-49.9s___to.wav.pt,to
2460188.492405_Tautenburg___564-8316kHz___56.9-74s___to.wav.pt,to
2460193.571605_Tautenburg___403-10088kHz___23.0-34.9s___to.wav.pt,to
2460195.517745_Tautenburg___362-3302kHz___12.0-19.0s___to.wav.pt,to
2460191.662250_Tautenburg___403-4953kHz___77.9-91s___to.wav.pt,to
2460191.662250_Tautenburg___403-4953kHz___47.9-95.7s___to.wav.pt,to
2460193.571605_Tautenburg___403-10088kHz___32.0-43.9s___to.wav.pt,to
2460195.517745_Tautenburg___362-3302kHz___23.0-32.0s___to.wav.pt,to
2460195.517745_Tautenburg___362-3302kHz___21.0-29.0s___to.wav.pt,to
2460172.341674_Tautenburg___282-2316kHz___0.0-57.3s___to.wav.pt,to
2460188.492405_Tautenburg___564-8316kHz___0.0-36.9s___to.wav.pt,to
2460172.569186_Tautenburg___322-4309kHz___0.0-46.4s___to.wav.pt,to
2460198.295682_Tautenburg___363-5638kHz___0.0-40.7s___to.wav.pt,to
2460198.295682_Tautenburg___363-5638kHz___22.0-37s___to.wav.pt,to
2460198.372950_Tautenburg___564-8336kHz___85.0-127.5s___to.wav.pt,to
2460234.233149_Tautenburg___162-6927kHz___0.0-35.5s___to.wav.pt,to
2460234.233149_Tautenburg___162-6927kHz___3.0-12.5s___to.wav.pt,to
2460234.233149_Tautenburg___162-6927kHz___35.5-71.1s___to.wav.pt,to
2460234.233149_Tautenburg___162-6927kHz___45-51s___to.wav.pt,to
2460234.233149_Tautenburg___162-6927kHz___65.0-75s___to.wav.pt,to
2460198.372950_Tautenburg___564-8336kHz___85.0-111.5s___to.wav.pt,to
2460234.233149_Tautenburg___162-6927kHz___65-71s___to.wav.pt,to
2460234.233149_Tautenburg___162-6927kHz___35.5-41s___to.wav.pt,to
2460198.372950_Tautenburg___564-8336kHz___115.0-127.5s___to.wav.pt,to
2460250.726788_Tautenburg___1933-5295kHz___0-60s___background.wav.pt,background
2460248.367206_Tautenburg___5174-9020kHz___0-60s___background.wav.pt,background
2459654.358820_Tautenburg___5537-8215kHz___0-60s___background.wav.pt,background
2459872.691937_Tautenburg___7168-10249kHz___0-60s___background.wav.pt,background
2460233.699319_Tautenburg___6041-10712kHz___0-60s___background.wav.pt,background
2460256.739879_Tautenburg___5215-9765kHz___0-60s___background.wav.pt,background
2460022.322323_Tautenburg___826-3745kHz___0-60s___background.wav.pt,background
2459896.684465_Tautenburg___6202-9081kHz___0-60s___background.wav.pt,background
2460228.703584_Tautenburg___6584-10893kHz___0-60s___background.wav.pt,background
2460029.509178_Tautenburg___5799-8316kHz___0-60s___background.wav.pt,background
2459847.567147_Tautenburg___4571-7692kHz___0-60s___background.wav.pt,background
2459862.404970_Tautenburg___5578-10249kHz___0-60s___background.wav.pt,background
2460243.726444_Tautenburg___5678-8738kHz___0-60s___background.wav.pt,background
2459865.519885_Tautenburg___5920-8839kHz___0-60s___background.wav.pt,background
2460250.638379_Tautenburg___5517-8094kHz___0-60s___background.wav.pt,background
2460230.671172_Tautenburg___6242-9765kHz___0-60s___background.wav.pt,background
2459870.369745_Tautenburg___5617-8597kHz___0-60s___background.wav.pt,background
2460375.550834_Tautenburg___1168-4329kHz___0-60s___background.wav.pt,background
2460237.266464_Tautenburg___5718-8476kHz___0-60s___background.wav.pt,background
2460252.726255_Tautenburg___6040-9342kHz___0-60s___background.wav.pt,background
2460259.165887_Tautenburg___5920-9363kHz___0-60s___background.wav.pt,background
2460261.413490_Tautenburg___5980-8759kHz___0-60s___background.wav.pt,background
2460226.426738_Tautenburg___6001-10108kHz___0-60s___background.wav.pt,background
2459862.418117_Tautenburg___6644-9684kHz___0-60s___background.wav.pt,background
2459863.555043_Tautenburg___6202-9001kHz___0-60s___background.wav.pt,background
2459862.339782_Tautenburg___6503-9805kHz___0-60s___background.wav.pt,background
2459828.665978_Tautenburg___5235-10611kHz___0-60s___background.wav.pt,background
2459862.669853_Tautenburg___6383-11336kHz___0-60s___background.wav.pt,background
2460203.619056_Tautenburg___6605-11014kHz___0-60s___background.wav.pt,background
2460234.503023_Tautenburg___7007-9484kHz___0-60s___background.wav.pt,background
2459870.530775_Tautenburg___6061-9544kHz___0-60s___background.wav.pt,background
2460226.507328_Tautenburg___5215-10692kHz___0-60s___background.wav.pt,background
2460023.539828_Tautenburg___5094-8940kHz___0-60s___background.wav.pt,background
2459897.371090_Tautenburg___5919-8597kHz___0-60s___background.wav.pt,background
2459847.567372_Tautenburg___4672-8195kHz___0-60s___background.wav.pt,background
2460234.603311_Tautenburg___5819-9947kHz___0-60s___background.wav.pt,background
2459834.642082_Tautenburg___6222-9443kHz___0-60s___background.wav.pt,background
2459680.592993_Tautenburg___5296-8497kHz___0-60s___background.wav.pt,background
2460261.413924_Tautenburg___5718-10188kHz___0-60s___background.wav.pt,background
2459847.543549_Tautenburg___6061-8980kHz___0-60s___background.wav.pt,background
2460214.507301_Tautenburg___5879-10349kHz___0-60s___background.wav.pt,background
2460226.380069_Tautenburg___6382-10530kHz___0-60s___background.wav.pt,background
2459853.240132_Tautenburg___6303-9786kHz___0-60s___background.wav.pt,background
2459651.697957_Tautenburg___5316-9343kHz___0-60s___background.wav.pt,background
2459872.515645_Tautenburg___5577-10127kHz___0-60s___background.wav.pt,background
2459896.466361_Tautenburg___5315-8315kHz___0-60s___background.wav.pt,background
2460186.642022_Tautenburg___6443-10168kHz___0-60s___background.wav.pt,background
2459862.513076_Tautenburg___6564-9604kHz___0-60s___background.wav.pt,background
2460251.530387_Tautenburg___4933-8215kHz___0-60s___background.wav.pt,background
2460227.499211_Tautenburg___5678-9866kHz___0-60s___background.wav.pt,background
2460376.279480_Tautenburg___523-4711kHz___0-60s___background.wav.pt,background
2459862.397315_Tautenburg___5980-9262kHz___0-60s___background.wav.pt,background
2460259.156892_Tautenburg___6282-10228kHz___0-60s___background.wav.pt,background
2459864.553271_Tautenburg___5699-9766kHz___0-60s___background.wav.pt,background
2460022.681911_Tautenburg___5255-9181kHz___0-60s___background.wav.pt,background
2460192.639274_Tautenburg___5779-9826kHz___0-60s___background.wav.pt,background
2459836.638772_Tautenburg___6202-10269kHz___0-60s___background.wav.pt,background
2459653.560470_Tautenburg___5497-8034kHz___0-60s___background.wav.pt,background
2459872.428808_Tautenburg___5416-8356kHz___0-60s___background.wav.pt,background
2459862.456391_Tautenburg___6664-10872kHz___0-60s___background.wav.pt,background
2459844.678757_Tautenburg___6181-9201kHz___0-60s___background.wav.pt,background
2459862.274343_Tautenburg___6846-10531kHz___0-60s___background.wav.pt,background
2460244.302633_Tautenburg___4974-9685kHz___0-60s___background.wav.pt,background
2460242.638337_Tautenburg___5195-9584kHz___0-60s___background.wav.pt,background
2459857.338277_Tautenburg___6483-9765kHz___0-60s___background.wav.pt,background
2459862.539399_Tautenburg___6423-10691kHz___0-60s___background.wav.pt,background
2459863.665116_Tautenburg___6423-9584kHz___0-60s___background.wav.pt,background
2459895.576143_Tautenburg___6060-8416kHz___0-60s___background.wav.pt,background
2460370.387075_Tautenburg___503-3161kHz___0-60s___background.wav.pt,background
2459845.459093_Tautenburg___5799-9383kHz___0-60s___background.wav.pt,background
2459865.483591_Tautenburg___6020-8960kHz___0-60s___background.wav.pt,background
2460025.512162_Tautenburg___503-2235kHz___0-60s___background.wav.pt,background
2460027.467933_Tautenburg___6826-6826kHz___0-60s___background.wav.pt,background
2460256.449259_Tautenburg___745-8879kHz___10-61.6s___to.wav.pt,to
2459865.340748_Tautenburg___6645-10068kHz___0-60s___background.wav.pt,background
2459850.523965_Tautenburg___5940-9343kHz___0-60s___background.wav.pt,background
2459847.504579_Tautenburg___6302-9725kHz___0-60s___background.wav.pt,background
2459678.651316_Tautenburg___5316-10027kHz___0-60s___background.wav.pt,background
2460256.525656_Tautenburg___685-10370kHz___10-54.1s___to.wav.pt,to
2460183.422438_Tautenburg___483-9503kHz___10-48.2s___to.wav.pt,to
2460234.349306_Tautenburg___222-6343kHz___10-53s___to.wav.pt,to
2460261.320381_Tautenburg___423-9463kHz___10-58.1s___to.wav.pt,to
2460222.565793_Tautenburg___20-9705kHz___10-48.9s___to.wav.pt,to
2459862.375539_Tautenburg___6040-9060kHz___0-60s___background.wav.pt,background
2460237.183446_Tautenburg___6343-10108kHz___0-60s___background.wav.pt,background
2460234.703374_Tautenburg___6041-10148kHz___0-60s___background.wav.pt,background
2460269.162720_Tautenburg___5919-9523kHz___0-60s___background.wav.pt,background
2459671.684676_Tautenburg___5436-9282kHz___0-60s___background.wav.pt,background
2459833.418859_Tautenburg___6403-9504kHz___0-60s___background.wav.pt,background
2459995.723424_Tautenburg___1652-6323kHz___0-60s___background.wav.pt,background
2460254.728714_Tautenburg___5819-9121kHz___0-60s___background.wav.pt,background
2460220.353497_Tautenburg___523-5255kHz___0-60s___background.wav.pt,background
2459627.746915_Tautenburg___5763-9192kHz___0-60s___background.wav.pt,background
2459673.488608_Tautenburg___6262-11034kHz___0-60s___background.wav.pt,background
2460195.534183_Tautenburg___0-2416kHz___0-60s___background.wav.pt,background
2459835.469310_Tautenburg___6846-9645kHz___0-60s___background.wav.pt,background
2460417.450012_Tautenburg___5295-10067kHz___0-60s___background.wav.pt,background
2459691.608180_Tautenburg___1168-9705kHz___0-60s___background.wav.pt,background
2460218.345313_Tautenburg___6765-10591kHz___0-60s___background.wav.pt,background
2460025.674206_Tautenburg___5457-8296kHz___0-60s___background.wav.pt,background
2460267.751362_Tautenburg___6322-8698kHz___0-60s___background.wav.pt,background
2459870.517150_Tautenburg___6786-9383kHz___0-60s___background.wav.pt,background
2459865.451374_Tautenburg___5637-8577kHz___0-60s___background.wav.pt,background
2460243.717915_Tautenburg___5436-8456kHz___0-60s___background.wav.pt,background
2460238.716269_Tautenburg___6705-11296kHz___0-60s___background.wav.pt,background
2460197.650722_Tautenburg___605-10712kHz___0-60s___background.wav.pt,background
2460212.669849_Tautenburg___6704-10530kHz___0-60s___background.wav.pt,background
2460236.231856_Tautenburg___6363-11074kHz___0-60s___background.wav.pt,background
2460234.696560_Tautenburg___6745-9987kHz___0-60s___background.wav.pt,background
2460027.529721_Tautenburg___564-6363kHz___0-60s___background.wav.pt,background
2459870.499832_Tautenburg___5679-9484kHz___0-60s___background.wav.pt,background
2460269.157266_Tautenburg___5920-8739kHz___0-60s___background.wav.pt,background
2460202.472434_Tautenburg___423-3322kHz___0-60s___background.wav.pt,background
2460234.693929_Tautenburg___5497-8678kHz___0-60s___background.wav.pt,background
2460384.402067_Tautenburg___724-6287kHz___0-60s___background.wav.pt,background
2460248.242333_Tautenburg___5638-8255kHz___0-60s___background.wav.pt,background
2459847.677040_Tautenburg___4752-9524kHz___0-60s___background.wav.pt,background
2460024.682811_Tautenburg___5336-8940kHz___0-60s___background.wav.pt,background
2460369.644382_Tautenburg___584-4732kHz___0-60s___background.wav.pt,background
2460215.474465_Tautenburg___6201-10369kHz___0-60s___background.wav.pt,background
2460028.436762_Tautenburg___5215-8416kHz___0-60s___background.wav.pt,background
2460022.598403_Tautenburg___5074-8678kHz___0-60s___background.wav.pt,background
2460212.673936_Tautenburg___5718-10148kHz___0-60s___background.wav.pt,background
2460538.271553_Tautenburg___2034-6544kHz___0-60s___background.wav.pt,background
2460015.347081_Tautenburg___335-3753kHz___0-60s___background.wav.pt,background
2459862.396412_Tautenburg___5799-9161kHz___0-60s___background.wav.pt,background
2459862.566217_Tautenburg___7007-10329kHz___0-60s___background.wav.pt,background
2460223.689512_Tautenburg___6826-11497kHz___0-60s___background.wav.pt,background
2460239.709885_Tautenburg___6564-10148kHz___0-60s___background.wav.pt,background
2460253.419997_Tautenburg___5860-8457kHz___0-60s___background.wav.pt,background
2459847.681082_Tautenburg___5859-9101kHz___0-60s___background.wav.pt,background
2460252.726242_Tautenburg___5880-8679kHz___0-60s___background.wav.pt,background
2460261.376695_Tautenburg___5356-10309kHz___0-60s___background.wav.pt,background
2460223.416749_Tautenburg___5839-10107kHz___0-60s___background.wav.pt,background
2460267.758776_Tautenburg___6262-8698kHz___0-60s___background.wav.pt,background
2460244.318714_Tautenburg___5819-8517kHz___0-60s___background.wav.pt,background
2460226.423333_Tautenburg___5799-9967kHz___0-60s___background.wav.pt,background
2460261.419686_Tautenburg___6020-9282kHz___0-60s___background.wav.pt,background
2460208.651282_Tautenburg___6503-9523kHz___0-60s___background.wav.pt,background
2460419.636689_Tautenburg___6846-11014kHz___0-60s___background.wav.pt,background
2460392.417459_Tautenburg___5464-8907kHz___0-60s___background.wav.pt,background
2459862.482078_Tautenburg___6101-10007kHz___0-60s___background.wav.pt,background
2459865.282538_Tautenburg___5859-9282kHz___0-60s___background.wav.pt,background
2460248.431242_Tautenburg___5980-9061kHz___0-60s___background.wav.pt,background
2460257.746112_Tautenburg___5678-9322kHz___0-60s___background.wav.pt,background
2460261.454485_Tautenburg___4994-8679kHz___0-60s___background.wav.pt,background
2460257.745807_Tautenburg___6805-10651kHz___0-60s___background.wav.pt,background
2460024.682403_Tautenburg___6504-9665kHz___0-60s___background.wav.pt,background
2459897.167199_Tautenburg___5638-9604kHz___0-60s___background.wav.pt,background
2460231.710080_Tautenburg___6745-10329kHz___0-60s___background.wav.pt,background
2460029.618797_Tautenburg___5457-9182kHz___0-60s___background.wav.pt,background
2460018.405740_Tautenburg___461-3602kHz___0-60s___background.wav.pt,background
2459650.705790_Tautenburg___5618-9363kHz___0-60s___background.wav.pt,background
2459654.358664_Tautenburg___5940-8739kHz___0-60s___background.wav.pt,background
2460253.589166_Tautenburg___5799-8235kHz___0-60s___background.wav.pt,background
2460274.756239_Tautenburg___5920-8537kHz___0-60s___background.wav.pt,background
2459862.394841_Tautenburg___6484-9303kHz___0-60s___background.wav.pt,background
2460268.756696_Tautenburg___5638-9121kHz___0-60s___background.wav.pt,background
2459626.192622_Tautenburg___6589-9171kHz___0-60s___background.wav.pt,background
2459835.653203_Tautenburg___4188-7772kHz___0-60s___background.wav.pt,background
2460268.756871_Tautenburg___5981-9786kHz___0-60s___background.wav.pt,background
2460029.571672_Tautenburg___6181-9825kHz___0-60s___background.wav.pt,background
2459895.167688_Tautenburg___5255-9383kHz___0-60s___background.wav.pt,background
2460234.705584_Tautenburg___1933-4369kHz___0-60s___background.wav.pt,background
2460024.682710_Tautenburg___5295-8637kHz___0-60s___background.wav.pt,background
2460212.673789_Tautenburg___6303-9504kHz___0-60s___background.wav.pt,background
2460190.274022_Tautenburg___463-8013kHz___0-60s___background.wav.pt,background
2460244.558170_Tautenburg___6141-9967kHz___0-60s___background.wav.pt,background
2460212.277326_Tautenburg___6242-9745kHz___0-60s___background.wav.pt,background
2460250.727859_Tautenburg___6121-9202kHz___0-60s___background.wav.pt,background
2459860.319528_Tautenburg___7027-10269kHz___0-60s___background.wav.pt,background
2459872.558119_Tautenburg___6182-9101kHz___0-60s___background.wav.pt,background
2459862.400918_Tautenburg___3202-6021kHz___0-60s___background.wav.pt,background
2459865.453076_Tautenburg___6685-10450kHz___0-60s___background.wav.pt,background
2460226.492185_Tautenburg___5860-8779kHz___0-60s___background.wav.pt,background
2459859.468681_Tautenburg___6161-9765kHz___0-60s___background.wav.pt,background
2459862.595402_Tautenburg___2114-6080kHz___0-60s___background.wav.pt,background
2460373.396224_Tautenburg___524-4551kHz___0-60s___background.wav.pt,background
2459836.476860_Tautenburg___5980-9705kHz___0-60s___background.wav.pt,background
2460234.194247_Tautenburg___5939-10389kHz___0-60s___background.wav.pt,background
2460269.157442_Tautenburg___5115-9444kHz___0-60s___background.wav.pt,background
2459873.221824_Tautenburg___6101-9484kHz___0-60s___background.wav.pt,background
2460033.624825_Tautenburg___1269-3886kHz___0-60s___background.wav.pt,background
2459673.556744_Tautenburg___5155-7974kHz___0-60s___background.wav.pt,background
2459626.401323_Tautenburg___1570-5143kHz___0-60s___background.wav.pt,background
2459854.329891_Tautenburg___806-5980kHz___0-60s___background.wav.pt,background
2459845.237049_Tautenburg___5114-10188kHz___0-60s___background.wav.pt,background
2460218.637899_Tautenburg___5376-9342kHz___0-60s___background.wav.pt,background
2460244.446326_Tautenburg___6020-9000kHz___0-60s___background.wav.pt,background
2460234.702365_Tautenburg___6625-9846kHz___0-60s___background.wav.pt,background
2459864.518151_Tautenburg___6443-9866kHz___0-60s___background.wav.pt,background
2460213.507110_Tautenburg___523-7691kHz___0-60s___background.wav.pt,background
2460257.746006_Tautenburg___5396-8980kHz___0-60s___background.wav.pt,background
2460263.649839_Tautenburg___5135-8296kHz___0-60s___background.wav.pt,background
2460202.502675_Tautenburg___463-8195kHz___0-60s___background.wav.pt,background
2459895.403355_Tautenburg___5577-8859kHz___0-60s___background.wav.pt,background
2460231.370444_Tautenburg___6483-10309kHz___0-60s___background.wav.pt,background
2459865.669992_Tautenburg___6423-9725kHz___0-60s___background.wav.pt,background
2459684.569310_Tautenburg___7067-10027kHz___0-60s___background.wav.pt,background
2459862.411529_Tautenburg___5879-9221kHz___0-60s___background.wav.pt,background
2459857.338398_Tautenburg___6141-9745kHz___0-60s___background.wav.pt,background
2460250.708079_Tautenburg___5819-8658kHz___0-60s___background.wav.pt,background
2459862.553763_Tautenburg___6584-9463kHz___0-60s___background.wav.pt,background
2460240.713909_Tautenburg___5859-10409kHz___0-60s___background.wav.pt,background
2459894.282916_Tautenburg___5799-8114kHz___0-60s___background.wav.pt,background
2459863.392222_Tautenburg___6806-9705kHz___0-60s___background.wav.pt,background
2459666.664360_Tautenburg___5497-8517kHz___0-60s___background.wav.pt,background
2459865.314295_Tautenburg___5396-9644kHz___0-60s___background.wav.pt,background
2459870.536302_Tautenburg___6262-8718kHz___0-60s___background.wav.pt,background
2459847.677003_Tautenburg___6000-9584kHz___0-60s___background.wav.pt,background
2459862.324544_Tautenburg___6464-9625kHz___0-60s___background.wav.pt,background
2460381.561352_Tautenburg___6121-10973kHz___0-60s___background.wav.pt,background
2460233.439801_Tautenburg___584-11154kHz___0-60s___background.wav.pt,background
2460208.485161_Tautenburg___6624-10530kHz___0-60s___background.wav.pt,background
2460258.490854_Tautenburg___5799-8255kHz___0-60s___background.wav.pt,background
2460212.673850_Tautenburg___6564-9302kHz___0-60s___background.wav.pt,background
2459844.674225_Tautenburg___5658-10027kHz___0-60s___background.wav.pt,background
2460234.700311_Tautenburg___5779-9484kHz___0-60s___background.wav.pt,background
2460230.518839_Tautenburg___5517-10067kHz___0-60s___background.wav.pt,background
2460370.432180_Tautenburg___564-3061kHz___0-60s___background.wav.pt,background
2459899.645206_Tautenburg___6644-8476kHz___0-60s___background.wav.pt,background
2460223.689738_Tautenburg___6523-11315kHz___0-60s___background.wav.pt,background
2459871.293610_Tautenburg___5316-8376kHz___0-60s___background.wav.pt,background
2460390.660773_Tautenburg___5289-9031kHz___0-60s___background.wav.pt,background
2459860.588919_Tautenburg___5638-9886kHz___0-60s___background.wav.pt,background
2460251.729343_Tautenburg___5939-8879kHz___0-60s___background.wav.pt,background
2460234.695395_Tautenburg___5920-9443kHz___0-60s___background.wav.pt,background
2460235.700878_Tautenburg___6343-10108kHz___0-60s___background.wav.pt,background
2459862.375456_Tautenburg___6523-9503kHz___0-60s___background.wav.pt,background
2460219.523561_Tautenburg___6101-10772kHz___0-60s___background.wav.pt,background
2459847.645538_Tautenburg___5718-8456kHz___0-60s___background.wav.pt,background
2460264.750651_Tautenburg___5658-8839kHz___0-60s___background.wav.pt,background
2460027.521272_Tautenburg___5356-8416kHz___0-60s___background.wav.pt,background
2459895.348371_Tautenburg___6463-8859kHz___0-60s___background.wav.pt,background
2460226.542846_Tautenburg___6705-10732kHz___0-60s___background.wav.pt,background
2459864.644182_Tautenburg___6262-10188kHz___0-60s___background.wav.pt,background
2459865.280464_Tautenburg___5537-9101kHz___0-60s___background.wav.pt,background
2460248.721824_Tautenburg___6161-10188kHz___0-60s___background.wav.pt,background
2459865.669962_Tautenburg___7288-10228kHz___0-60s___background.wav.pt,background
2460271.242046_Tautenburg___5034-8477kHz___0-60s___background.wav.pt,background
2459862.539360_Tautenburg___6966-9362kHz___0-60s___background.wav.pt,background
2460223.693918_Tautenburg___5960-8557kHz___0-60s___background.wav.pt,background
2459846.682816_Tautenburg___6222-11376kHz___0-60s___background.wav.pt,background
2460244.500171_Tautenburg___6463-10107kHz___0-60s___background.wav.pt,background
2460261.357871_Tautenburg___5658-8557kHz___0-60s___background.wav.pt,background
2459902.296484_Tautenburg___5215-8598kHz___0-60s___background.wav.pt,background
2459857.287828_Tautenburg___6464-9927kHz___0-60s___background.wav.pt,background
2460007.234019_Tautenburg___282-2336kHz___0-60s___background.wav.pt,background
2460207.681806_Tautenburg___6262-10510kHz___0-60s___background.wav.pt,background
2460257.741544_Tautenburg___5719-8236kHz___0-60s___background.wav.pt,background
2459862.670337_Tautenburg___7349-11497kHz___0-60s___background.wav.pt,background
2460214.669813_Tautenburg___5376-9544kHz___0-60s___background.wav.pt,background
2459863.394737_Tautenburg___6483-9463kHz___0-60s___background.wav.pt,background
2459871.512961_Tautenburg___6483-9443kHz___0-60s___background.wav.pt,background
2460259.167717_Tautenburg___5658-8416kHz___0-60s___background.wav.pt,background
2459870.542601_Tautenburg___6464-9665kHz___0-60s___background.wav.pt,background
2460226.488504_Tautenburg___5799-9987kHz___0-60s___background.wav.pt,background
2460024.462287_Tautenburg___4872-8738kHz___0-60s___background.wav.pt,background
2459872.682582_Tautenburg___5940-10531kHz___0-60s___background.wav.pt,background
2460250.615814_Tautenburg___6081-10692kHz___0-60s___background.wav.pt,background
2460212.674745_Tautenburg___6303-10108kHz___0-60s___background.wav.pt,background
2459864.515602_Tautenburg___5759-9242kHz___0-60s___background.wav.pt,background
2460241.291331_Tautenburg___5759-8658kHz___0-60s___background.wav.pt,background
2460259.165614_Tautenburg___6826-9403kHz___0-60s___background.wav.pt,background
2459857.521903_Tautenburg___6564-10108kHz___0-60s___background.wav.pt,background
2460208.668439_Tautenburg___5356-9926kHz___0-60s___background.wav.pt,background
2460235.638314_Tautenburg___6282-9584kHz___0-60s___background.wav.pt,background
2459627.747643_Tautenburg___6403-8324kHz___0-60s___background.wav.pt,background
2460027.678751_Tautenburg___5839-9282kHz___0-60s___background.wav.pt,background
2460220.330926_Tautenburg___6141-10269kHz___0-60s___background.wav.pt,background
2459895.667050_Tautenburg___5316-8437kHz___0-60s___background.wav.pt,background
2460255.732176_Tautenburg___5658-8920kHz___0-60s___background.wav.pt,background
2459905.749790_Tautenburg___5336-8980kHz___0-60s___background.wav.pt,background
2460269.163249_Tautenburg___5135-9766kHz___0-60s___background.wav.pt,background
2460217.667340_Tautenburg___6342-10288kHz___0-60s___background.wav.pt,background
2460232.709511_Tautenburg___6303-10390kHz___0-60s___background.wav.pt,background
2460234.687110_Tautenburg___6081-10027kHz___0-60s___background.wav.pt,background
2460248.226836_Tautenburg___5396-8456kHz___0-60s___background.wav.pt,background
2460275.759069_Tautenburg___6141-8920kHz___0-60s___background.wav.pt,background
2460235.203710_Tautenburg___6101-10289kHz___0-60s___background.wav.pt,background
2459671.428892_Tautenburg___5235-8275kHz___0-60s___background.wav.pt,background
2460213.413196_Tautenburg___6322-10530kHz___0-60s___background.wav.pt,background
2460235.190767_Tautenburg___6262-10309kHz___0-60s___background.wav.pt,background
2459628.609201_Tautenburg___1797-6940kHz___0-60s___background.wav.pt,background
2460027.255065_Tautenburg___5074-9000kHz___0-60s___background.wav.pt,background
2460268.758489_Tautenburg___5014-8437kHz___0-60s___background.wav.pt,background
2459848.681213_Tautenburg___6484-11075kHz___0-60s___background.wav.pt,background
2460422.539177_Tautenburg___5738-11154kHz___0-60s___background.wav.pt,background
2460251.728948_Tautenburg___5356-9745kHz___0-60s___background.wav.pt,background
2459897.492545_Tautenburg___5557-8255kHz___0-60s___background.wav.pt,background
2460192.638982_Tautenburg___6342-9704kHz___0-60s___background.wav.pt,background
2459683.487613_Tautenburg___6221-9785kHz___0-60s___background.wav.pt,background
2459862.683554_Tautenburg___6564-10249kHz___0-60s___background.wav.pt,background
2460214.676147_Tautenburg___6221-9181kHz___0-60s___background.wav.pt,background
2460251.731116_Tautenburg___6967-8799kHz___0-60s___background.wav.pt,background
2460230.423633_Tautenburg___161-5617kHz___0-60s___background.wav.pt,background
2459870.615410_Tautenburg___5718-8960kHz___0-60s___background.wav.pt,background
2460264.167614_Tautenburg___6182-9303kHz___0-60s___background.wav.pt,background
2459864.519159_Tautenburg___5799-9202kHz___0-60s___background.wav.pt,background
2460261.677709_Tautenburg___5517-9101kHz___0-60s___background.wav.pt,background
2460027.656806_Tautenburg___5256-8437kHz___0-60s___background.wav.pt,background
2460255.728580_Tautenburg___5215-9564kHz___0-60s___background.wav.pt,background
2460026.270338_Tautenburg___5980-9685kHz___0-60s___background.wav.pt,background
2460217.684076_Tautenburg___6544-11155kHz___0-60s___background.wav.pt,background
2460007.408949_Tautenburg___1168-2658kHz___0-60s___background.wav.pt,background
2459862.638616_Tautenburg___6725-9504kHz___0-60s___background.wav.pt,background
2459836.588119_Tautenburg___6081-10410kHz___0-60s___background.wav.pt,background
2459865.284078_Tautenburg___5638-9222kHz___0-60s___background.wav.pt,background
2460273.754091_Tautenburg___5658-8477kHz___0-60s___background.wav.pt,background
2459872.588465_Tautenburg___5819-10108kHz___0-60s___background.wav.pt,background
2459852.674558_Tautenburg___6423-9866kHz___0-60s___background.wav.pt,background
2459675.580647_Tautenburg___6020-8356kHz___0-60s___background.wav.pt,background
2459848.685161_Tautenburg___6182-9283kHz___0-60s___background.wav.pt,background
2460250.707995_Tautenburg___5859-8235kHz___0-60s___background.wav.pt,background
2460248.402198_Tautenburg___5538-9021kHz___0-60s___background.wav.pt,background
2459864.655102_Tautenburg___5276-8195kHz___0-60s___background.wav.pt,background
2460022.453788_Tautenburg___5759-9162kHz___0-60s___background.wav.pt,background
2460208.489831_Tautenburg___6081-10148kHz___0-60s___background.wav.pt,background
2459657.442370_Tautenburg___5356-8658kHz___0-60s___background.wav.pt,background
2460180.348705_Tautenburg___464-2477kHz___0-60s___background.wav.pt,background
2459896.421611_Tautenburg___5778-8436kHz___0-60s___background.wav.pt,background
2460255.728485_Tautenburg___6464-9605kHz___0-60s___background.wav.pt,background
2459871.692905_Tautenburg___5758-9080kHz___0-60s___background.wav.pt,background
2459648.677493_Tautenburg___5699-9504kHz___0-60s___background.wav.pt,background
2460250.707807_Tautenburg___5980-8759kHz___0-60s___background.wav.pt,background
2460022.681577_Tautenburg___4631-10007kHz___0-60s___background.wav.pt,background
2460241.223594_Tautenburg___5497-8638kHz___0-60s___background.wav.pt,background
2460226.614672_Tautenburg___6020-9725kHz___0-60s___background.wav.pt,background
2459872.243465_Tautenburg___6262-8215kHz___0-60s___background.wav.pt,background
2459862.317073_Tautenburg___5779-8578kHz___0-60s___background.wav.pt,background
2459863.671590_Tautenburg___6101-8940kHz___0-60s___background.wav.pt,background
2460235.196115_Tautenburg___6705-10651kHz___0-60s___background.wav.pt,background
2459862.437216_Tautenburg___6323-10128kHz___0-60s___background.wav.pt,background
2459868.705958_Tautenburg___6322-10309kHz___0-60s___background.wav.pt,background
2460016.538130_Tautenburg___480-3314kHz___0-60s___background.wav.pt,background
2460026.377425_Tautenburg___5155-8860kHz___0-60s___background.wav.pt,background
2459872.398435_Tautenburg___6544-9081kHz___0-60s___background.wav.pt,background
2460226.492748_Tautenburg___6262-9745kHz___0-60s___background.wav.pt,background
2459847.679395_Tautenburg___6524-8960kHz___0-60s___background.wav.pt,background
2459845.668959_Tautenburg___6403-9685kHz___0-60s___background.wav.pt,background
2459844.383923_Tautenburg___6866-10228kHz___0-60s___background.wav.pt,background
2459895.339304_Tautenburg___5658-8537kHz___0-60s___background.wav.pt,background
2459862.397822_Tautenburg___6060-9302kHz___0-60s___background.wav.pt,background
2460216.430737_Tautenburg___6644-10268kHz___0-60s___background.wav.pt,background
2459857.349048_Tautenburg___6544-9725kHz___0-60s___background.wav.pt,background
2459654.519462_Tautenburg___6161-10691kHz___0-60s___background.wav.pt,background
2460217.687408_Tautenburg___6403-9504kHz___0-60s___background.wav.pt,background
2459665.442470_Tautenburg___5699-8598kHz___0-60s___background.wav.pt,background
2460202.662153_Tautenburg___5718-9866kHz___0-60s___background.wav.pt,background
2459872.703878_Tautenburg___6242-10047kHz___0-60s___background.wav.pt,background
2460028.262897_Tautenburg___5457-8316kHz___0-60s___background.wav.pt,background
2460234.250251_Tautenburg___6100-10248kHz___0-60s___background.wav.pt,background
2460250.288389_Tautenburg___6181-8919kHz___0-60s___background.wav.pt,background
2459653.599788_Tautenburg___6221-9463kHz___0-60s___background.wav.pt,background
2459852.666881_Tautenburg___6705-11155kHz___0-60s___background.wav.pt,background
2460262.745431_Tautenburg___5215-8638kHz___0-60s___background.wav.pt,background
2460248.407256_Tautenburg___5658-7249kHz___0-60s___background.wav.pt,background
2459864.518286_Tautenburg___6242-9927kHz___0-60s___background.wav.pt,background
2459862.542909_Tautenburg___5255-9121kHz___0-60s___background.wav.pt,background
2460252.726137_Tautenburg___5860-9343kHz___0-60s___background.wav.pt,background
2460250.707967_Tautenburg___6020-8658kHz___0-60s___background.wav.pt,background
2460183.422438_Tautenburg___483-9503kHz___0-60s___background.wav.pt,background
2460390.642069_Tautenburg___5588-8432kHz___0-60s___background.wav.pt,background
2460212.568910_Tautenburg___6181-10127kHz___0-60s___background.wav.pt,background
2460222.691043_Tautenburg___6403-10067kHz___0-60s___background.wav.pt,background
2460235.205359_Tautenburg___6826-10289kHz___0-60s___background.wav.pt,background
2460384.458230_Tautenburg___2021-5663kHz___0-60s___background.wav.pt,background
2460256.739939_Tautenburg___6061-9786kHz___0-60s___background.wav.pt,background
2460399.530583_Tautenburg___5189-9081kHz___0-60s___background.wav.pt,background
2459867.671831_Tautenburg___6604-9846kHz___0-60s___background.wav.pt,background
2459648.698932_Tautenburg___6121-9685kHz___0-60s___background.wav.pt,background
2459859.682181_Tautenburg___6705-9705kHz___0-60s___background.wav.pt,background
2459908.702434_Tautenburg___5597-7973kHz___0-60s___background.wav.pt,background
2459862.320873_Tautenburg___6484-9605kHz___0-60s___background.wav.pt,background
2460235.203822_Tautenburg___6021-10410kHz___0-60s___background.wav.pt,background
2460259.165755_Tautenburg___5558-8779kHz___0-60s___background.wav.pt,background
2460394.331718_Tautenburg___4915-8707kHz___0-60s___background.wav.pt,background
2459862.573434_Tautenburg___6483-9543kHz___0-60s___background.wav.pt,background
2460248.234958_Tautenburg___6242-9383kHz___0-60s___background.wav.pt,background
2459665.627029_Tautenburg___5578-7853kHz___0-60s___background.wav.pt,background
2460029.571292_Tautenburg___5618-9323kHz___0-60s___background.wav.pt,background
2460231.710441_Tautenburg___6181-11215kHz___0-60s___background.wav.pt,background
2459845.481822_Tautenburg___6382-9322kHz___0-60s___background.wav.pt,background
2460390.674856_Tautenburg___6536-10278kHz___0-60s___background.wav.pt,background
2460270.380367_Tautenburg___5960-8356kHz___0-60s___background.wav.pt,background
2460226.532056_Tautenburg___6866-10450kHz___0-60s___background.wav.pt,background
2459871.565116_Tautenburg___6161-8195kHz___0-60s___background.wav.pt,background
2459859.459513_Tautenburg___6302-10168kHz___0-60s___background.wav.pt,background
2460203.631828_Tautenburg___6101-10148kHz___0-60s___background.wav.pt,background
2459853.686284_Tautenburg___6564-10913kHz___0-60s___background.wav.pt,background
2459862.425083_Tautenburg___6786-9343kHz___0-60s___background.wav.pt,background
2459843.283192_Tautenburg___524-4490kHz___0-60s___background.wav.pt,background
2460216.475791_Tautenburg___6041-10068kHz___0-60s___background.wav.pt,background
2460221.674499_Tautenburg___5900-9585kHz___0-60s___background.wav.pt,background
2460257.584812_Tautenburg___5819-8900kHz___0-60s___background.wav.pt,background
2460025.355381_Tautenburg___5698-9322kHz___0-60s___background.wav.pt,background
2460213.659342_Tautenburg___383-9524kHz___0-60s___background.wav.pt,background
2460268.758441_Tautenburg___5276-8759kHz___0-60s___background.wav.pt,background
2459863.504172_Tautenburg___5779-8578kHz___0-60s___background.wav.pt,background
2460028.456290_Tautenburg___5075-8578kHz___0-60s___background.wav.pt,background
2460223.690961_Tautenburg___6363-9423kHz___0-60s___background.wav.pt,background
2459684.426099_Tautenburg___483-3825kHz___0-60s___background.wav.pt,background
2460240.555179_Tautenburg___5798-10228kHz___0-60s___background.wav.pt,background
2460240.427301_Tautenburg___5678-9886kHz___0-60s___background.wav.pt,background
2460389.328769_Tautenburg___5215-8408kHz___0-60s___background.wav.pt,background
2459872.443264_Tautenburg___6423-9826kHz___0-60s___background.wav.pt,background
2459857.401841_Tautenburg___5497-8356kHz___0-60s___background.wav.pt,background
2460384.250294_Tautenburg___6587-11352kHz___0-60s___background.wav.pt,background
2460251.724544_Tautenburg___6362-8758kHz___0-60s___background.wav.pt,background
2460182.318858_Tautenburg___368-6947kHz___0-60s___background.wav.pt,background
2460023.555073_Tautenburg___6061-11316kHz___0-60s___background.wav.pt,background
2460199.587397_Tautenburg___-1-8573kHz___0-60s___background.wav.pt,background
2460229.459890_Tautenburg___6222-11094kHz___0-60s___background.wav.pt,background
2459864.449660_Tautenburg___2497-5114kHz___0-60s___background.wav.pt,background
2459861.578855_Tautenburg___6242-10188kHz___0-60s___background.wav.pt,background
2459865.302280_Tautenburg___5678-9242kHz___0-60s___background.wav.pt,background
2459848.596367_Tautenburg___6564-10289kHz___0-60s___background.wav.pt,background
2460223.621664_Tautenburg___5638-9101kHz___0-60s___background.wav.pt,background
2460241.481496_Tautenburg___5456-9926kHz___0-60s___background.wav.pt,background
2459897.316729_Tautenburg___5376-8215kHz___0-60s___background.wav.pt,background
2459836.662072_Tautenburg___5617-9805kHz___0-60s___background.wav.pt,background
2460046.633855_Tautenburg___5034-8940kHz___0-60s___background.wav.pt,background
2460027.652440_Tautenburg___5356-8155kHz___0-60s___background.wav.pt,background
2459654.690839_Tautenburg___5839-8537kHz___0-60s___background.wav.pt,background
2460235.529084_Tautenburg___222-4853kHz___0-60s___background.wav.pt,background
2460213.377834_Tautenburg___6383-10430kHz___0-60s___background.wav.pt,background
2459874.649657_Tautenburg___6181-8517kHz___0-60s___background.wav.pt,background
2460205.579198_Tautenburg___222-3303kHz___0-60s___background.wav.pt,background
2460250.288345_Tautenburg___5618-8638kHz___0-60s___background.wav.pt,background
2460215.435965_Tautenburg___6142-9927kHz___0-60s___background.wav.pt,background
2460234.671493_Tautenburg___6524-10007kHz___0-60s___background.wav.pt,background
2460273.757055_Tautenburg___5195-9423kHz___0-60s___background.wav.pt,background
2459870.649277_Tautenburg___5759-8638kHz___0-60s___background.wav.pt,background
2460023.683365_Tautenburg___6302-9987kHz___0-60s___background.wav.pt,background
2459862.403100_Tautenburg___7027-10067kHz___0-60s___background.wav.pt,background
2460232.311553_Tautenburg___6182-10189kHz___0-60s___background.wav.pt,background
2459859.657362_Tautenburg___5718-9262kHz___0-60s___background.wav.pt,background
2459859.478287_Tautenburg___6162-9907kHz___0-60s___background.wav.pt,background
2459684.487954_Tautenburg___5658-8920kHz___0-60s___background.wav.pt,background
2459895.378308_Tautenburg___5940-8316kHz___0-60s___background.wav.pt,background
2460264.158679_Tautenburg___6061-9403kHz___0-60s___background.wav.pt,background
2459870.668378_Tautenburg___6101-10088kHz___0-60s___background.wav.pt,background
2459868.403728_Tautenburg___6785-10449kHz___0-60s___background.wav.pt,background
2460226.402968_Tautenburg___6181-10107kHz___0-60s___background.wav.pt,background
2459864.572704_Tautenburg___5617-8899kHz___0-60s___background.wav.pt,background
2460248.225976_Tautenburg___5316-8799kHz___0-60s___background.wav.pt,background
2459845.650687_Tautenburg___6201-9443kHz___0-60s___background.wav.pt,background
2459674.339883_Tautenburg___5578-8195kHz___0-60s___background.wav.pt,background
2459860.362984_Tautenburg___6222-10833kHz___0-60s___background.wav.pt,background
2459895.602790_Tautenburg___5920-8356kHz___0-60s___background.wav.pt,background
2459865.337547_Tautenburg___5698-10450kHz___0-60s___background.wav.pt,background
2459668.394468_Tautenburg___5315-8617kHz___0-60s___background.wav.pt,background
2460172.341674_Tautenburg___282-2316kHz___0-60s___background.wav.pt,background
2459907.341805_Tautenburg___5738-9402kHz___0-60s___background.wav.pt,background
2459862.460037_Tautenburg___6604-9664kHz___0-60s___background.wav.pt,background
2460243.719929_Tautenburg___6584-11014kHz___0-60s___background.wav.pt,background
2460264.741021_Tautenburg___5477-9242kHz___0-60s___background.wav.pt,background
2460234.697733_Tautenburg___5759-8840kHz___0-60s___background.wav.pt,background
2459995.724477_Tautenburg___1732-6403kHz___0-60s___background.wav.pt,background
2460241.682358_Tautenburg___5054-9383kHz___0-60s___background.wav.pt,background
2460237.720428_Tautenburg___5920-8779kHz___0-60s___background.wav.pt,background
2460230.697849_Tautenburg___6625-11236kHz___0-60s___background.wav.pt,background
2460037.380248_Tautenburg___644-6664kHz___0-60s___background.wav.pt,background
2460250.655131_Tautenburg___6362-10550kHz___0-60s___background.wav.pt,background
2460033.582101_Tautenburg___4531-8336kHz___0-60s___background.wav.pt,background
2460223.662300_Tautenburg___4651-8074kHz___0-60s___background.wav.pt,background
2460232.598935_Tautenburg___6282-10490kHz___0-60s___background.wav.pt,background
2460217.687501_Tautenburg___6242-11014kHz___0-60s___background.wav.pt,background
2460023.402367_Tautenburg___1470-3745kHz___0-60s___background.wav.pt,background
2460252.726328_Tautenburg___5698-8698kHz___0-60s___background.wav.pt,background
2459651.631771_Tautenburg___6061-9846kHz___0-60s___background.wav.pt,background
2460259.166335_Tautenburg___5658-8718kHz___0-60s___background.wav.pt,background
2460248.366082_Tautenburg___5336-9222kHz___0-60s___background.wav.pt,background
2460214.639736_Tautenburg___6282-10128kHz___0-60s___background.wav.pt,background
2460268.225101_Tautenburg___5678-8316kHz___0-60s___background.wav.pt,background
2459865.453166_Tautenburg___6383-10692kHz___0-60s___background.wav.pt,background
2460202.556187_Tautenburg___7108-9423kHz___0-60s___background.wav.pt,background
2459863.412450_Tautenburg___5839-9081kHz___0-60s___background.wav.pt,background
2460248.431484_Tautenburg___5637-8577kHz___0-60s___background.wav.pt,background
2460213.674744_Tautenburg___6242-10732kHz___0-60s___background.wav.pt,background
2460227.702091_Tautenburg___5738-9906kHz___0-60s___background.wav.pt,background
2459859.657511_Tautenburg___5879-8577kHz___0-60s___background.wav.pt,background
2459862.422794_Tautenburg___6947-10168kHz___0-60s___background.wav.pt,background
2459895.378051_Tautenburg___6484-9021kHz___0-60s___background.wav.pt,background
2459666.654077_Tautenburg___5980-8336kHz___0-60s___background.wav.pt,background
2459862.575039_Tautenburg___6826-9725kHz___0-60s___background.wav.pt,background
2460267.750222_Tautenburg___5879-9201kHz___0-60s___background.wav.pt,background
2459845.393275_Tautenburg___5960-9262kHz___0-60s___background.wav.pt,background
2460380.332977_Tautenburg___443-3826kHz___0-60s___background.wav.pt,background
2460191.651552_Tautenburg___6322-9946kHz___0-60s___background.wav.pt,background
2459847.679435_Tautenburg___4691-7127kHz___0-60s___background.wav.pt,background
2460438.478066_Tautenburg___6101-10732kHz___0-60s___background.wav.pt,background
2460212.575875_Tautenburg___5598-9645kHz___0-60s___background.wav.pt,background
2459862.569291_Tautenburg___6866-10913kHz___0-60s___background.wav.pt,background
2459864.308631_Tautenburg___5960-9343kHz___0-60s___background.wav.pt,background
2459897.318470_Tautenburg___6161-8537kHz___0-60s___background.wav.pt,background
2459872.460718_Tautenburg___6363-9524kHz___0-60s___background.wav.pt,background
2459865.665622_Tautenburg___6040-9040kHz___0-60s___background.wav.pt,background
2459873.649570_Tautenburg___6262-9161kHz___0-60s___background.wav.pt,background
2459871.293733_Tautenburg___5456-8154kHz___0-60s___background.wav.pt,background
2460392.387616_Tautenburg___5688-8682kHz___0-60s___background.wav.pt,background
2459652.697310_Tautenburg___2174-5758kHz___0-60s___background.wav.pt,background
2460257.741544_Tautenburg___5719-8236kHz___10-11.3s___b..wav.pt,b
2459870.469980_Tautenburg___5598-8719kHz___10-11s___b..wav.pt,b
2459627.747022_Tautenburg___6134-8798kHz___10-11s___b..wav.pt,b
2459628.733948_Tautenburg___1838-5886kHz___10-11s___s..wav.pt,s
2460271.759542_Tautenburg___5778-9040kHz___10-11s___b..wav.pt,b
2460212.684600_Tautenburg___5880-9967kHz___10-11.4s___r..wav.pt,r
2459627.201466_Tautenburg___5907-8964kHz___10-11s___b..wav.pt,b
2459626.192622_Tautenburg___6589-9171kHz___10-10.9s___b..wav.pt,b
2459862.400918_Tautenburg___3202-6021kHz___10-11.1s___s..wav.pt,s
2459859.657382_Tautenburg___6161-8879kHz___10-11s___r..wav.pt,r
2459627.746915_Tautenburg___5763-9192kHz___10-11s___b..wav.pt,b
2459684.554787_Tautenburg___5578-8719kHz___10-11s___r..wav.pt,r
2460259.171299_Tautenburg___6282-8738kHz___10-11.2s___b..wav.pt,b
2459684.569328_Tautenburg___6141-8839kHz___10-11.1s___r..wav.pt,r
2460251.596794_Tautenburg___644-10188kHz___0.0-56.2s___to.wav.pt,to
2460261.486524_Tautenburg___403-8940kHz___0.0-56.0s___to.wav.pt,to
2460434.424816_Tautenburg___403-10712kHz___45.8-91.5s___to.wav.pt,to
2460434.424816_Tautenburg___403-10712kHz___0.0-45.8s___to.wav.pt,to
2460259.353286_Tautenburg___423-10047kHz___0.0-48.5s___to.wav.pt,to
2460269.523544_Tautenburg___464-9041kHz___40.6-81.2s___to.wav.pt,to
2460269.523544_Tautenburg___464-9041kHz___81.2-121.8s___to.wav.pt,to
2460364.504245_Tautenburg___323-5316kHz___0.0-41.3s___to.wav.pt,to
2460261.486524_Tautenburg___403-8940kHz___56.0-112.0s___to.wav.pt,to
2460250.389452_Tautenburg___725-7067kHz___37.7-75.4s___to.wav.pt,to
2460256.741116_Tautenburg___6181-9463kHz___10-10.9s___b..wav.pt,b
2460267.751362_Tautenburg___6322-8698kHz___10-10.9s___b..wav.pt,b
2459836.561675_Tautenburg___5678-8779kHz___10-11s___r..wav.pt,r
2459862.572322_Tautenburg___6141-8839kHz___10-11s___b..wav.pt,b
2459873.710961_Tautenburg___6282-9282kHz___10-11s___b..wav.pt,b
2460369.231048_Tautenburg___464-3967kHz___0.0-53.5s___to.wav.pt,to
2460269.523544_Tautenburg___464-9041kHz___0.0-40.6s___to.wav.pt,to
2460412.312482_Tautenburg___664-7872kHz___0.0-42.9s___to.wav.pt,to
2460539.314342_Tautenburg___1007-5618kHz___48.8-97.5s___background.wav.pt,background
2460539.314342_Tautenburg___1007-5618kHz___97.5-146.3s___background.wav.pt,background
2460364.504245_Tautenburg___323-5316kHz___41.3-82.6s___to.wav.pt,to
2460539.314342_Tautenburg___1007-5618kHz___0.0-48.8s___background.wav.pt,background
2460244.527588_Tautenburg___303-6464kHz___0.0-43.7s___to.wav.pt,to
2460244.414971_Tautenburg___342-8718kHz___40.4-80.9s___to.wav.pt,to
2460244.414971_Tautenburg___342-8718kHz___80.9-121.3s___to.wav.pt,to
2460249.687984_Tautenburg___342-4892kHz___0.0-46.1s___to.wav.pt,to
2460249.687984_Tautenburg___342-4892kHz___92.3-138.4s___to.wav.pt,to
2460250.389452_Tautenburg___725-7067kHz___0.0-37.7s___to.wav.pt,to
2460249.687984_Tautenburg___342-4892kHz___46.1-92.3s___to.wav.pt,to
2460244.527588_Tautenburg___303-6464kHz___87.3-131.0s___to.wav.pt,to
2460244.414971_Tautenburg___342-8718kHz___0.0-40.4s___to.wav.pt,to
2460242.307757_Tautenburg___201-6463kHz___0.0-39.0s___to.wav.pt,to
2460237.470221_Tautenburg___443-9483kHz___51.7-103.5s___to.wav.pt,to
2460235.518309_Tautenburg___141-4188kHz___90.9-136.3s___to.wav.pt,to
2460237.470221_Tautenburg___443-9483kHz___0.0-51.7s___to.wav.pt,to
2460235.509452_Tautenburg___403-8477kHz___50.4-100.8s___to.wav.pt,to
2460235.509452_Tautenburg___403-8477kHz___0.0-50.4s___to.wav.pt,to
2460235.518309_Tautenburg___141-4188kHz___45.4-90.9s___to.wav.pt,to
2460235.518309_Tautenburg___141-4188kHz___0.0-45.4s___to.wav.pt,to
2460233.702772_Tautenburg___484-8175kHz___93.2-139.8s___to.wav.pt,to
2460233.702772_Tautenburg___484-8175kHz___46.6-93.2s___to.wav.pt,to
2460233.702772_Tautenburg___484-8175kHz___0.0-46.6s___to.wav.pt,to
2460226.587370_Tautenburg___504-8739kHz___0.0-41.2s___to.wav.pt,to
2460233.528512_Tautenburg___403-3363kHz___0.0-47.9s___to.wav.pt,to
2460228.607614_Tautenburg___605-8256kHz___50.0-99.9s___to.wav.pt,to
2460222.413203_Tautenburg___463-2879kHz___0.0-41.3s___to.wav.pt,to
2460226.587370_Tautenburg___504-8739kHz___41.2-82.5s___to.wav.pt,to
2460230.456935_Tautenburg___181-5235kHz___0.0-50.9s___to.wav.pt,to
2460216.426622_Tautenburg___443-8275kHz___49.3-98.6s___to.wav.pt,to
2460220.251709_Tautenburg___684-8416kHz___40.2-80.5s___to.wav.pt,to
2460220.251709_Tautenburg___684-8416kHz___0.0-40.2s___to.wav.pt,to
2460191.589784_Tautenburg___503-6181kHz___48.7-97.4s___to.wav.pt,to
2460177.611945_Tautenburg___684-10248kHz___0.0-50.4s___to.wav.pt,to
2460198.372950_Tautenburg___564-8336kHz___42.5-85.0s___to.wav.pt,to
2460203.539266_Tautenburg___162-7269kHz___0.0-50.5s___to.wav.pt,to
2460203.539266_Tautenburg___162-7269kHz___50.5-101.1s___to.wav.pt,to
2460198.372950_Tautenburg___564-8336kHz___0.0-42.5s___to.wav.pt,to
2460195.517745_Tautenburg___362-3302kHz___97.9-146.9s___to.wav.pt,to
2459826.447414_Tautenburg___906-3342kHz___0-60s___background.wav.pt,background
2460191.589784_Tautenburg___503-6181kHz___0.0-48.7s___to.wav.pt,to
2460173.303240_Tautenburg___443-5678kHz___56.4-112.7s___to.wav.pt,to
2460173.303240_Tautenburg___443-5678kHz___0.0-56.4s___to.wav.pt,to
2460191.662250_Tautenburg___403-4953kHz___0.0-47.9s___to.wav.pt,to
2460220.251709_Tautenburg___684-8416kHz___80.5-120.7s___to.wav.pt,to
2460218.337820_Tautenburg___604-4752kHz___0.0-52.2s___to.wav.pt,to
2460212.590330_Tautenburg___423-7812kHz___0.0-55.0s___to.wav.pt,to
2460218.337820_Tautenburg___604-4752kHz___52.2-104.3s___to.wav.pt,to
2460218.337820_Tautenburg___604-4752kHz___104.3-156.5s___to.wav.pt,to
2460211.635080_Tautenburg___866-9806kHz___40.0-80.0s___to.wav.pt,to
2460210.238034_Tautenburg___363-5276kHz___0.0-43.4s___to.wav.pt,to
2460216.426622_Tautenburg___443-8275kHz___0.0-49.3s___to.wav.pt,to
2460213.509526_Tautenburg___684-7550kHz___0.0-55.2s___to.wav.pt,to
2460212.538340_Tautenburg___363-6786kHz___0.0-45.1s___to.wav.pt,to
2460213.509526_Tautenburg___684-7550kHz___55.2-110.5s___to.wav.pt,to
2460212.590330_Tautenburg___423-7812kHz___55.0-110.0s___to.wav.pt,to
2460205.476813_Tautenburg___323-8920kHz___0.0-47.2s___to.wav.pt,to
2459656.542271_Tautenburg___1832-5496kHz___17.5-22.5s___wn.wav.pt,wn
2459630.339920_Tautenburg___1239-5267kHz___30.0-35.0s___gr.wav.pt,gr
2459630.339920_Tautenburg___1239-5267kHz___40.0-45.0s___gr.wav.pt,gr
2459630.529841_Tautenburg___620-7064kHz___10.0-15.0s___wg.wav.pt,wg
2459630.339920_Tautenburg___1239-5267kHz___22.5-27.5s___gr.wav.pt,gr
2459630.339920_Tautenburg___1239-5267kHz___32.5-37.5s___gr.wav.pt,gr
2459630.339920_Tautenburg___1239-5267kHz___35.0-40.0s___gr.wav.pt,gr
2459630.339920_Tautenburg___1239-5267kHz___27.5-32.5s___gr.wav.pt,gr
2459630.529841_Tautenburg___620-7064kHz___17.5-22.5s___wg.wav.pt,wg
2459630.529841_Tautenburg___620-7064kHz___15.0-20.0s___wg.wav.pt,wg
2459630.529841_Tautenburg___620-7064kHz___12.5-17.5s___wg.wav.pt,wg
2459630.339920_Tautenburg___1239-5267kHz___37.5-42.5s___gr.wav.pt,gr
2459630.339920_Tautenburg___1239-5267kHz___25.0-30.0s___gr.wav.pt,gr
2459630.339920_Tautenburg___1239-5267kHz___20.0-25.0s___gr.wav.pt,gr
2459630.339920_Tautenburg___1239-5267kHz___12.5-17.5s___gr.wav.pt,gr
2459630.339920_Tautenburg___1239-5267kHz___10.0-15.0s___gr.wav.pt,gr
2459630.339920_Tautenburg___1239-5267kHz___17.5-22.5s___gr.wav.pt,gr
2459626.401323_Tautenburg___1570-5143kHz___12.5-17.5s___ch.wav.pt,ch
2459630.339920_Tautenburg___1239-5267kHz___15.0-20.0s___gr.wav.pt,gr
2459626.401323_Tautenburg___1570-5143kHz___17.5-22.5s___ch.wav.pt,ch
2459626.401323_Tautenburg___1570-5143kHz___10.0-15.0s___ch.wav.pt,ch
2459626.400262_Tautenburg___1343-5598kHz___15.0-20.0s___gr.wav.pt,gr
2459626.400262_Tautenburg___1343-5598kHz___17.5-22.5s___gr.wav.pt,gr
2459626.401323_Tautenburg___1570-5143kHz___15.0-20.0s___ch.wav.pt,ch
2459626.400262_Tautenburg___1343-5598kHz___10.0-15.0s___gr.wav.pt,gr
2459626.400262_Tautenburg___1343-5598kHz___12.5-17.5s___gr.wav.pt,gr
2460255.739286_Tautenburg___6061-9222kHz___10-11.4s___b..wav.pt,b
2459847.519956_Tautenburg___6303-8920kHz___10-11.4s___r..wav.pt,r
2459869.665332_Tautenburg___5034-8618kHz___10-11.4s___b..wav.pt,b
2460215.687161_Tautenburg___5919-10127kHz___10-11.4s___b..wav.pt,b
2460253.163520_Tautenburg___6141-9826kHz___10-11.2s___b..wav.pt,b
2459864.645137_Tautenburg___6041-9162kHz___10-11.2s___r..wav.pt,r
2459862.374349_Tautenburg___5497-8296kHz___10-11.3s___b..wav.pt,b
2459859.613245_Tautenburg___5356-8437kHz___10-11.3s___r..wav.pt,r
2460379.293479_Tautenburg___303-3806kHz___10-11.4s___h..wav.pt,h
2460250.727949_Tautenburg___6403-8497kHz___10-11.1s___b..wav.pt,b
2460263.750268_Tautenburg___6161-9825kHz___10-11.1s___b..wav.pt,b
2460231.711751_Tautenburg___5939-10067kHz___10-11.2s___b..wav.pt,b
2459990.613705_Tautenburg___302-5356kHz___17.5-22.5s___mh.wav.pt,mh
2460541.642188_Tautenburg___3946-7208kHz___10-11.1s___tp.wav.pt,tp
2460237.720428_Tautenburg___5920-8779kHz___10-11.4s___b..wav.pt,b
2460273.754091_Tautenburg___5658-8477kHz___10-11.1s___b..wav.pt,b
2460009.223754_Tautenburg___6624-9000kHz___10-11.1s___b..wav.pt,b
2459872.701477_Tautenburg___1752-5900kHz___10-11.3s___s..wav.pt,s
2460251.728449_Tautenburg___5960-9302kHz___10-11.1s___b..wav.pt,b
2459864.499418_Tautenburg___6080-9946kHz___10-11.4s___r..wav.pt,r
2460274.754703_Tautenburg___6080-9040kHz___10-11.2s___b..wav.pt,b
2460274.753784_Tautenburg___5799-8557kHz___10-11s___b..wav.pt,b
2459861.573929_Tautenburg___6001-8598kHz___10-11.4s___b..wav.pt,b
2459862.387765_Tautenburg___4611-10188kHz___10-11.3s___b..wav.pt,b
2460373.700795_Tautenburg___6080-8416kHz___10-11.2s___b..wav.pt,b
2460269.158127_Tautenburg___5940-9041kHz___10-11s___b..wav.pt,b
2460240.539435_Tautenburg___5678-9141kHz___10-11.4s___b..wav.pt,b
2459865.682977_Tautenburg___6121-8577kHz___10-11.1s___b..wav.pt,b
2459847.519910_Tautenburg___4913-7027kHz___10.0-15.0s___r.wav.pt,r
2459671.684736_Tautenburg___5216-8739kHz___10-11.4s___b..wav.pt,b
2460269.157132_Tautenburg___6201-9845kHz___10-11.3s___b..wav.pt,b
2460270.744119_Tautenburg___6080-8758kHz___10-11.1s___b..wav.pt,b
2459627.747324_Tautenburg___5660-8841kHz___10-11.2s___b..wav.pt,b
2459863.671590_Tautenburg___6101-8940kHz___10-11.2s___r..wav.pt,r
2460264.158679_Tautenburg___6061-9403kHz___10-11.1s___b..wav.pt,b
2460264.157153_Tautenburg___6302-10188kHz___10-11.2s___b..wav.pt,b
2460257.171614_Tautenburg___6363-9484kHz___10-11.4s___b..wav.pt,b
2460262.743046_Tautenburg___6041-9786kHz___10-11.1s___b..wav.pt,b
2460266.745953_Tautenburg___5859-8638kHz___10-11.3s___b..wav.pt,b
2460268.756871_Tautenburg___5981-9786kHz___10-11.4s___b..wav.pt,b
2459859.657511_Tautenburg___5879-8577kHz___10-11.1s___r..wav.pt,r
2460235.705137_Tautenburg___5376-8698kHz___10-11.2s___b..wav.pt,b
2460251.728948_Tautenburg___5356-9745kHz___10-11.2s___b..wav.pt,b
2459652.700162_Tautenburg___6282-10611kHz___10-11.3s___b..wav.pt,b
2460249.728951_Tautenburg___5819-9725kHz___10-11.2s___b..wav.pt,b
2460253.731549_Tautenburg___6282-9302kHz___10-11s___b..wav.pt,b
2460267.751863_Tautenburg___6121-9020kHz___10-10.9s___b..wav.pt,b
2460269.746455_Tautenburg___5698-9705kHz___10-11.4s___b..wav.pt,b
2459627.748257_Tautenburg___5990-8964kHz___10-11.1s___b..wav.pt,b
2460259.156892_Tautenburg___6282-10228kHz___10-11s___b..wav.pt,b
2459834.642082_Tautenburg___6222-9443kHz___10-11.1s___r..wav.pt,r
2459627.747440_Tautenburg___6197-8448kHz___10-11.3s___b..wav.pt,b
2460255.165180_Tautenburg___6665-10027kHz___10-11.2s___b..wav.pt,b
2459628.745088_Tautenburg___6485-9377kHz___10-11.1s___b..wav.pt,b
2459868.647772_Tautenburg___5618-9323kHz___10-11.4s___r..wav.pt,r
2459865.658699_Tautenburg___5920-8739kHz___10-11s___b..wav.pt,b
2459856.430063_Tautenburg___705-3182kHz___27.5-32.5s___wg.wav.pt,wg
2459859.242804_Tautenburg___483-2617kHz___35.0-40.0s___gj.wav.pt,gj
2459856.399620_Tautenburg___705-3363kHz___0.0-5.0s___wg.wav.pt,wg
2459856.399620_Tautenburg___705-3363kHz___25.0-30.0s___wg.wav.pt,wg
2459856.399620_Tautenburg___705-3363kHz___27.5-32.5s___wg.wav.pt,wg
2459856.430063_Tautenburg___705-3182kHz___7.5-12.5s___wg.wav.pt,wg
2459856.399620_Tautenburg___705-3363kHz___15.0-20.0s___wg.wav.pt,wg
2459856.399620_Tautenburg___705-3363kHz___5.0-10.0s___wg.wav.pt,wg
2459856.399620_Tautenburg___705-3363kHz___12.5-17.5s___wg.wav.pt,wg
2459856.399620_Tautenburg___705-3363kHz___30.0-35.0s___wg.wav.pt,wg
2459856.399620_Tautenburg___705-3363kHz___2.5-7.5s___wg.wav.pt,wg
2459856.399620_Tautenburg___705-3363kHz___22.5-27.5s___wg.wav.pt,wg
2459856.256261_Tautenburg___464-3303kHz___17.5-22.5s___wg.wav.pt,wg
2459856.256261_Tautenburg___464-3303kHz___27.5-32.5s___wg.wav.pt,wg
2459856.256261_Tautenburg___464-3303kHz___20.0-25.0s___wg.wav.pt,wg
2459856.430063_Tautenburg___705-3182kHz___25.0-30.0s___wg.wav.pt,wg
2459856.430063_Tautenburg___705-3182kHz___15.0-20.0s___wg.wav.pt,wg
2459856.430063_Tautenburg___705-3182kHz___22.5-27.5s___wg.wav.pt,wg
2459856.430063_Tautenburg___705-3182kHz___12.5-17.5s___wg.wav.pt,wg
2459856.430063_Tautenburg___705-3182kHz___10.0-15.0s___wg.wav.pt,wg
2459834.624832_Tautenburg___3866-7228kHz___10.0-15.0s___tp.wav.pt,tp
2459834.624822_Tautenburg___4309-7148kHz___10.0-15.0s___tp.wav.pt,tp
2459834.624822_Tautenburg___4309-7148kHz___12.5-17.5s___tp.wav.pt,tp
2459852.681103_Tautenburg___1531-5598kHz___10.0-15.0s___s.wav.pt,s
2459834.648485_Tautenburg___6403-9504kHz___10.0-15.0s___r.wav.pt,r
2459834.648485_Tautenburg___6403-9504kHz___12.5-17.5s___r.wav.pt,r
2459856.256261_Tautenburg___464-3303kHz___12.5-17.5s___wg.wav.pt,wg
2459856.256261_Tautenburg___464-3303kHz___30.0-35.0s___wg.wav.pt,wg
2459856.256261_Tautenburg___464-3303kHz___10.0-15.0s___wg.wav.pt,wg
2459856.256261_Tautenburg___464-3303kHz___15.0-20.0s___wg.wav.pt,wg
2459834.648485_Tautenburg___6403-9504kHz___17.5-22.5s___r.wav.pt,r
2459834.648485_Tautenburg___6403-9504kHz___20.0-25.0s___r.wav.pt,r
2459833.647066_Tautenburg___4209-7712kHz___20.0-25.0s___tp.wav.pt,tp
2459833.647066_Tautenburg___4209-7712kHz___17.5-22.5s___tp.wav.pt,tp
2459826.447414_Tautenburg___906-3342kHz___22.5-27.5s___na.wav.pt,na
2459833.647066_Tautenburg___4209-7712kHz___12.5-17.5s___tp.wav.pt,tp
2459698.388261_Tautenburg___785-9765kHz___35.0-40.0s___co.wav.pt,co
2459826.447414_Tautenburg___906-3342kHz___20.0-25.0s___na.wav.pt,na
2459833.647066_Tautenburg___4209-7712kHz___10.0-15.0s___tp.wav.pt,tp
2459698.388261_Tautenburg___785-9765kHz___40.0-45.0s___co.wav.pt,co
2459699.317797_Tautenburg___584-6000kHz___15.0-20.0s___co.wav.pt,co
2459699.378575_Tautenburg___886-5497kHz___10.0-15.0s___co.wav.pt,co
2459698.388261_Tautenburg___785-9765kHz___55.0-60.0s___co.wav.pt,co
2459699.317797_Tautenburg___584-6000kHz___10.0-15.0s___co.wav.pt,co
2459698.388261_Tautenburg___785-9765kHz___37.5-42.5s___co.wav.pt,co
2459698.388261_Tautenburg___785-9765kHz___57.5-62.5s___co.wav.pt,co
2459698.388261_Tautenburg___785-9765kHz___12.5-17.5s___co.wav.pt,co
2459698.388261_Tautenburg___785-9765kHz___15.0-20.0s___co.wav.pt,co
2459698.388261_Tautenburg___785-9765kHz___10.0-15.0s___co.wav.pt,co
2459698.388261_Tautenburg___785-9765kHz___20.0-25.0s___co.wav.pt,co
2459698.388261_Tautenburg___785-9765kHz___17.5-22.5s___co.wav.pt,co
2459666.337142_Tautenburg___1028-6343kHz___37.5-42.5s___mh.wav.pt,mh
2459666.337142_Tautenburg___1028-6343kHz___22.5-27.5s___mh.wav.pt,mh
2459698.388261_Tautenburg___785-9765kHz___30.0-35.0s___co.wav.pt,co
2459699.317797_Tautenburg___584-6000kHz___12.5-17.5s___co.wav.pt,co
2459698.388261_Tautenburg___785-9765kHz___27.5-32.5s___co.wav.pt,co
2459698.388261_Tautenburg___785-9765kHz___25.0-30.0s___co.wav.pt,co
2459698.388261_Tautenburg___785-9765kHz___22.5-27.5s___co.wav.pt,co
2459666.337142_Tautenburg___1028-6343kHz___10.0-15.0s___mh.wav.pt,mh
2459666.337142_Tautenburg___1028-6343kHz___25.0-30.0s___mh.wav.pt,mh
2459666.337142_Tautenburg___1028-6343kHz___35.0-40.0s___mh.wav.pt,mh
2459656.542271_Tautenburg___1832-5496kHz___15.0-20.0s___wn.wav.pt,wn
2459656.542271_Tautenburg___1832-5496kHz___12.5-17.5s___wn.wav.pt,wn
2459656.542271_Tautenburg___1832-5496kHz___10.0-15.0s___wn.wav.pt,wn
2459656.542271_Tautenburg___1832-5496kHz___20.0-25.0s___wn.wav.pt,wn
2459666.337142_Tautenburg___1028-6343kHz___12.5-17.5s___mh.wav.pt,mh
2460028.350579_Tautenburg___3564-7148kHz___10.0-15.0s___co.wav.pt,co
2460027.529721_Tautenburg___564-6363kHz___25.0-30.0s___mh.wav.pt,mh
2460009.493800_Tautenburg___644-3926kHz___15.0-20.0s___wn.wav.pt,wn
2460007.408949_Tautenburg___1168-2658kHz___15.0-20.0s___gn.wav.pt,gn
2460007.408949_Tautenburg___1168-2658kHz___17.5-22.5s___gn.wav.pt,gn
2460009.493800_Tautenburg___644-3926kHz___10.0-15.0s___wn.wav.pt,wn
2460009.493800_Tautenburg___644-3926kHz___12.5-17.5s___wn.wav.pt,wn
2460002.398055_Tautenburg___363-4370kHz___12.5-17.5s___ms.wav.pt,ms
2460007.408949_Tautenburg___1168-2658kHz___10.0-15.0s___gn.wav.pt,gn
2460002.398055_Tautenburg___363-4370kHz___10.0-15.0s___ms.wav.pt,ms
2460002.393396_Tautenburg___1047-4691kHz___10.0-15.0s___bf.wav.pt,bf
2460001.731799_Tautenburg___1551-3202kHz___22.5-27.5s___bf.wav.pt,bf
2460007.408949_Tautenburg___1168-2658kHz___12.5-17.5s___gn.wav.pt,gn
2460002.393396_Tautenburg___1047-4691kHz___12.5-17.5s___bf.wav.pt,bf
2460001.731799_Tautenburg___1551-3202kHz___25.0-30.0s___bf.wav.pt,bf
2460001.731799_Tautenburg___1551-3202kHz___17.5-22.5s___bf.wav.pt,bf
2460001.731799_Tautenburg___1551-3202kHz___20.0-25.0s___bf.wav.pt,bf
2460002.393396_Tautenburg___1047-4691kHz___15.0-20.0s___bf.wav.pt,bf
2460001.731799_Tautenburg___1551-3202kHz___10.0-15.0s___bf.wav.pt,bf
2460001.731799_Tautenburg___1551-3202kHz___15.0-20.0s___bf.wav.pt,bf
2459998.308978_Tautenburg___504-9564kHz___42.5-47.5s___co.wav.pt,co
2460001.731799_Tautenburg___1551-3202kHz___12.5-17.5s___bf.wav.pt,bf
2459998.308978_Tautenburg___504-9564kHz___30.0-35.0s___co.wav.pt,co
2459998.308978_Tautenburg___504-9564kHz___37.5-42.5s___co.wav.pt,co
2459998.308978_Tautenburg___504-9564kHz___27.5-32.5s___co.wav.pt,co
2459998.308978_Tautenburg___504-9564kHz___40.0-45.0s___co.wav.pt,co
2459998.278178_Tautenburg___464-4491kHz___25.0-30.0s___co.wav.pt,co
2459998.278178_Tautenburg___464-4491kHz___50.0-55.0s___co.wav.pt,co
2459998.278178_Tautenburg___464-4491kHz___27.5-32.5s___co.wav.pt,co
2459998.308978_Tautenburg___504-9564kHz___22.5-27.5s___co.wav.pt,co
2459998.308978_Tautenburg___504-9564kHz___25.0-30.0s___co.wav.pt,co
2459998.278178_Tautenburg___464-4491kHz___10-15.0s___co.wav.pt,co
2459997.727052_Tautenburg___1470-6846kHz___17.5-22.5s___s.wav.pt,s
2459998.258128_Tautenburg___3221-6825kHz___10.0-15.0s___co.wav.pt,co
2459997.722314_Tautenburg___826-6685kHz___12.5-17.5s___s.wav.pt,s
2459998.278178_Tautenburg___464-4491kHz___15.0-20.0s___co.wav.pt,co
2459998.278178_Tautenburg___464-4491kHz___17.5-22.5s___co.wav.pt,co
2459997.727052_Tautenburg___1470-6846kHz___15.0-20.0s___s.wav.pt,s
2459996.356491_Tautenburg___564-2577kHz___10.0-15.0s___gn.wav.pt,gn
2459995.355257_Tautenburg___564-2859kHz___50.0-55.0s___kr.wav.pt,kr
2459997.722314_Tautenburg___826-6685kHz___10.0-15.0s___s.wav.pt,s
2459998.278178_Tautenburg___464-4491kHz___45.0-50.0s___co.wav.pt,co
2459998.278178_Tautenburg___464-4491kHz___20.0-25.0s___co.wav.pt,co
2459998.278178_Tautenburg___464-4491kHz___47.5-52.5s___co.wav.pt,co
2459998.278178_Tautenburg___464-4491kHz___22.5-27.5s___co.wav.pt,co
2459998.278178_Tautenburg___464-4491kHz___42.5-47.5s___co.wav.pt,co
2459998.278178_Tautenburg___464-4491kHz___40.0-45.0s___co.wav.pt,co
2459995.355257_Tautenburg___564-2859kHz___42.5-47.5s___kr.wav.pt,kr
2459995.653543_Tautenburg___1168-6604kHz___10.0-15.0s___s.wav.pt,s
2459995.355257_Tautenburg___564-2859kHz___52.5-57.5s___kr.wav.pt,kr
2459995.355257_Tautenburg___564-2859kHz___40.0-45.0s___kr.wav.pt,kr
2459995.355257_Tautenburg___564-2859kHz___47.5-52.5s___kr.wav.pt,kr
2459995.355257_Tautenburg___564-2859kHz___35.0-40.0s___kr.wav.pt,kr
2459995.355257_Tautenburg___564-2859kHz___37.5-42.5s___kr.wav.pt,kr
2459995.355257_Tautenburg___564-2859kHz___32.5-37.5s___kr.wav.pt,kr
2459995.355257_Tautenburg___564-2859kHz___30.0-35.0s___kr.wav.pt,kr
2459995.355257_Tautenburg___564-2859kHz___12.5-27.5s___kr.wav.pt,kr
2459995.355257_Tautenburg___564-2859kHz___25.0-30.0s___kr.wav.pt,kr
2459995.355257_Tautenburg___564-2859kHz___27.5-32.5s___kr.wav.pt,kr
2459864.232912_Tautenburg___705-3242kHz___37.5-42.5s___wg.wav.pt,wg
2459990.613705_Tautenburg___302-5356kHz___12.5-17.5s___mh.wav.pt,mh
2459864.232912_Tautenburg___705-3242kHz___27.5-32.5s___wg.wav.pt,wg
2459995.355257_Tautenburg___564-2859kHz___17.5-22.5s___kr.wav.pt,kr
2459864.232912_Tautenburg___705-3242kHz___30.0-35.0s___wg.wav.pt,wg
2459995.355257_Tautenburg___564-2859kHz___10.0-25.0s___kr.wav.pt,kr
2459990.613705_Tautenburg___302-5356kHz___15.0-20.0s___mh.wav.pt,mh
2459864.232912_Tautenburg___705-3242kHz___45.0-50.0s___wg.wav.pt,wg
2459990.613705_Tautenburg___302-5356kHz___10.0-15.0s___mh.wav.pt,mh
2459864.232912_Tautenburg___705-3242kHz___32.5-37.5s___wg.wav.pt,wg
2459864.232912_Tautenburg___705-3242kHz___22.5-27.5s___wg.wav.pt,wg
2459864.232912_Tautenburg___705-3242kHz___25.0-30.0s___wg.wav.pt,wg
2459864.232912_Tautenburg___705-3242kHz___47.5-52.5s___wg.wav.pt,wg
2459861.303185_Tautenburg___382-6060kHz___17.5-22.5s___ms.wav.pt,ms
2459861.303185_Tautenburg___382-6060kHz___12.5-17.5s___ms.wav.pt,ms
2459864.232912_Tautenburg___705-3242kHz___12.5-17.5s___wg.wav.pt,wg
2459864.232912_Tautenburg___705-3242kHz___20.0-25.0s___wg.wav.pt,wg
2459864.232912_Tautenburg___705-3242kHz___17.5-22.5s___wg.wav.pt,wg
2459861.303185_Tautenburg___382-6060kHz___15.0-20.0s___ms.wav.pt,ms
2459861.303185_Tautenburg___382-6060kHz___10.0-15.0s___ms.wav.pt,ms
2459864.232912_Tautenburg___705-3242kHz___15.0-20.0s___wg.wav.pt,wg
2459859.242804_Tautenburg___483-2617kHz___17.5-22.5s___gj.wav.pt,gj
2459859.242804_Tautenburg___483-2617kHz___25.0-30.0s___gj.wav.pt,gj
2459859.242804_Tautenburg___483-2617kHz___5.0-10.0s___gj.wav.pt,gj
2459859.242804_Tautenburg___483-2617kHz___2.5-7.5s___gj.wav.pt,gj
2459859.242804_Tautenburg___483-2617kHz___27.5-32.5s___gj.wav.pt,gj
2459859.242804_Tautenburg___483-2617kHz___0.0-5.0s___gj.wav.pt,gj
2459859.242804_Tautenburg___483-2617kHz___32.5-37.5s___gj.wav.pt,gj
2460373.488587_Tautenburg___443-5658kHz___10.0-15.0s___co.wav.pt,co
2460373.488587_Tautenburg___443-5658kHz___12.5-17.5s___co.wav.pt,co
2460373.488587_Tautenburg___443-5658kHz___20.0-25.0s___co.wav.pt,co
2460373.488587_Tautenburg___443-5658kHz___17.5-22.5s___co.wav.pt,co
2460373.488587_Tautenburg___443-5658kHz___15.0-20.0s___co.wav.pt,co
2460375.359130_Tautenburg___423-3806kHz___22.5-27.5s___kr.wav.pt,kr
2460375.359130_Tautenburg___423-3806kHz___2.5-7.5s___kr.wav.pt,kr
2460375.359130_Tautenburg___423-3806kHz___12.5-17.5s___kr.wav.pt,kr
2460373.488587_Tautenburg___443-5658kHz___30.0-35.0s___co.wav.pt,co
2460373.488587_Tautenburg___443-5658kHz___45.0-50.0s___co.wav.pt,co
2460375.359130_Tautenburg___423-3806kHz___5.0-10.0s___kr.wav.pt,kr
2460373.488587_Tautenburg___443-5658kHz___42.5-47.5s___co.wav.pt,co
2460375.359130_Tautenburg___423-3806kHz___0.0-5.0s___kr.wav.pt,kr
2460375.359130_Tautenburg___423-3806kHz___10.0-15.0s___kr.wav.pt,kr
2460362.461236_Tautenburg___926-4188kHz___20.0-25.0s___co.wav.pt,co
2460375.359130_Tautenburg___423-3806kHz___15.0-20.0s___kr.wav.pt,kr
2460362.461236_Tautenburg___926-4188kHz___22.5-27.5s___co.wav.pt,co
2460373.488587_Tautenburg___443-5658kHz___22.5-27.5s___co.wav.pt,co
2460373.488587_Tautenburg___443-5658kHz___25.0-30.0s___co.wav.pt,co
2460373.488587_Tautenburg___443-5658kHz___32.5-37.5s___co.wav.pt,co
2460269.755604_Tautenburg___1671-4148kHz___17.5-22.5s___ch.wav.pt,ch
2460269.755604_Tautenburg___1671-4148kHz___12.5-17.5s___ch.wav.pt,ch
2460269.755604_Tautenburg___1671-4148kHz___15.0-20.0s___ch.wav.pt,ch
2460269.743625_Tautenburg___1389-6423kHz___12.5-17.5s___ch.wav.pt,ch
2460042.441333_Tautenburg___1329-4893kHz___12.5-17.5s___t.wav.pt,t
2460269.755604_Tautenburg___1671-4148kHz___10.0-15.0s___ch.wav.pt,ch
2460202.604110_Tautenburg___40-3362kHz___20.0-25.0s___eo.wav.pt,eo
2460269.743625_Tautenburg___1389-6423kHz___10.0-15.0s___ch.wav.pt,ch
2460362.461236_Tautenburg___926-4188kHz___17.5-22.5s___co.wav.pt,co
2460375.359130_Tautenburg___423-3806kHz___25.0-30.0s___kr.wav.pt,kr
2460375.359130_Tautenburg___423-3806kHz___32.5-37.5s___kr.wav.pt,kr
2460362.461236_Tautenburg___926-4188kHz___15.0-20.0s___co.wav.pt,co
2460361.288070_Tautenburg___543-2879kHz___32.5-37.5s___kr.wav.pt,kr
2460361.288070_Tautenburg___543-2879kHz___37.5-42.5s___kr.wav.pt,kr
2460361.288070_Tautenburg___543-2879kHz___30.0-35.0s___kr.wav.pt,kr
2460365.300189_Tautenburg___162-2477kHz___10.0-15.0s___eo.wav.pt,eo
2460361.288070_Tautenburg___543-2879kHz___35.0-40.0s___kr.wav.pt,kr
2460269.755604_Tautenburg___1671-4148kHz___20.0-25.0s___ch.wav.pt,ch
2460037.380248_Tautenburg___644-6664kHz___40.0-45.0s___mh.wav.pt,mh
2460037.380248_Tautenburg___644-6664kHz___37.5-42.5s___mh.wav.pt,mh
2460037.380248_Tautenburg___644-6664kHz___27.5-32.5s___mh.wav.pt,mh
2460037.380248_Tautenburg___644-6664kHz___22.5-27.5s___mh.wav.pt,mh
2460042.441333_Tautenburg___1329-4893kHz___10.0-15.0s___t.wav.pt,t
2460037.380248_Tautenburg___644-6664kHz___25.0-30.0s___mh.wav.pt,mh
2460033.505298_Tautenburg___705-5497kHz___22.5-27.5s___co.wav.pt,co
2460037.380248_Tautenburg___644-6664kHz___17.5-22.5s___mh.wav.pt,mh
2460033.505298_Tautenburg___705-5497kHz___10.0-15.0s___co.wav.pt,co
2460037.380248_Tautenburg___644-6664kHz___20.0-25.0s___mh.wav.pt,mh
2460033.329735_Tautenburg___2417-8236kHz___12.5-17.5s___co.wav.pt,co
2460033.505298_Tautenburg___705-5497kHz___17.5-22.5s___co.wav.pt,co
2460033.329735_Tautenburg___2417-8236kHz___17.5-22.5s___co.wav.pt,co
2460033.329735_Tautenburg___2417-8236kHz___20.0-25.0s___co.wav.pt,co
2460033.505298_Tautenburg___705-5497kHz___20.0-25.0s___co.wav.pt,co
2460033.505298_Tautenburg___705-5497kHz___12.5-17.5s___co.wav.pt,co
2460033.505298_Tautenburg___705-5497kHz___15.0-20.0s___co.wav.pt,co
2460033.329735_Tautenburg___2417-8236kHz___37.5-42.5s___co.wav.pt,co
2460031.287087_Tautenburg___705-5900kHz___22.5-27.5s___co.wav.pt,co
2460031.287087_Tautenburg___705-5900kHz___25.0-30.0s___co.wav.pt,co
2460033.329735_Tautenburg___2417-8236kHz___10.0-15.0s___co.wav.pt,co
2460031.483458_Tautenburg___1148-4470kHz___10.0-15.0s___wn.wav.pt,wn
2460031.287087_Tautenburg___705-5900kHz___17.5-22.5s___co.wav.pt,co
2460031.287087_Tautenburg___705-5900kHz___20.0-25.0s___co.wav.pt,co
2460029.585977_Tautenburg___524-5759kHz___12.5-17.5s___wn.wav.pt,wn
2460031.287087_Tautenburg___705-5900kHz___10.0-15.0s___co.wav.pt,co
2460028.350579_Tautenburg___3564-7148kHz___25.0-30.0s___co.wav.pt,co
2460029.585977_Tautenburg___524-5759kHz___15.0-20.0s___wn.wav.pt,wn
2460028.350579_Tautenburg___3564-7148kHz___12.5-17.5s___co.wav.pt,co
2460028.350579_Tautenburg___3564-7148kHz___22.5-27.5s___co.wav.pt,co
2460027.529721_Tautenburg___564-6363kHz___20.0-25.0s___mh.wav.pt,mh
2460028.350579_Tautenburg___3564-7148kHz___17.5-22.5s___co.wav.pt,co
2460028.350579_Tautenburg___3564-7148kHz___20.0-25.0s___co.wav.pt,co
2460027.529721_Tautenburg___564-6363kHz___22.5-27.5s___mh.wav.pt,mh
2460028.350579_Tautenburg___3564-7148kHz___15.0-20.0s___co.wav.pt,co
2460265.402548_Tautenburg___282-3725kHz___72.5-77.5s___kr.wav.pt,kr
2460265.402548_Tautenburg___282-3725kHz___70.0-75.0s___kr.wav.pt,kr
2460265.402548_Tautenburg___282-3725kHz___67.5-72.5s___kr.wav.pt,kr
2460265.402548_Tautenburg___282-3725kHz___65.0-70.0s___kr.wav.pt,kr
2460265.402548_Tautenburg___282-3725kHz___45.0-50.0s___kr.wav.pt,kr
2460265.402548_Tautenburg___282-3725kHz___47.5-52.5s___kr.wav.pt,kr
2460265.402548_Tautenburg___282-3725kHz___35.0-40.0s___kr.wav.pt,kr
2460265.402548_Tautenburg___282-3725kHz___40.0-45.0s___kr.wav.pt,kr
2460265.402548_Tautenburg___282-3725kHz___37.5-42.5s___kr.wav.pt,kr
2460265.402548_Tautenburg___282-3725kHz___32.5-37.5s___kr.wav.pt,kr
2460265.402548_Tautenburg___282-3725kHz___5.0-10.0s___kr.wav.pt,kr
2460369.596035_Tautenburg___544-5678kHz___10.0-15.0s___l.wav.pt,l
2460369.596035_Tautenburg___544-5678kHz___15.0-20.0s___l.wav.pt,l
2460371.317686_Tautenburg___343-4068kHz___5.0-10.0s___kr.wav.pt,kr
2460371.317686_Tautenburg___343-4068kHz___2.5-7.5s___kr.wav.pt,kr
2460371.317686_Tautenburg___343-4068kHz___10.0-15.0s___kr.wav.pt,kr
2460369.596035_Tautenburg___544-5678kHz___12.5-17.5s___l.wav.pt,l
2460369.658888_Tautenburg___343-2860kHz___22.5-27.5s___kr.wav.pt,kr
2460265.402548_Tautenburg___282-3725kHz___12.5-17.5s___kr.wav.pt,kr
2460371.317686_Tautenburg___343-4068kHz___0.0-5.0s___kr.wav.pt,kr
2460371.317686_Tautenburg___343-4068kHz___7.5-12.5s___kr.wav.pt,kr
2460265.402548_Tautenburg___282-3725kHz___55.0-60.0s___kr.wav.pt,kr
2460265.402548_Tautenburg___282-3725kHz___57.5-62.5s___kr.wav.pt,kr
2460265.402548_Tautenburg___282-3725kHz___60.0-65.0s___kr.wav.pt,kr
2460265.402548_Tautenburg___282-3725kHz___62.5-67.5s___kr.wav.pt,kr
2460265.402548_Tautenburg___282-3725kHz___52.5-57.5s___kr.wav.pt,kr
2460265.402548_Tautenburg___282-3725kHz___50.0-55.0s___kr.wav.pt,kr
2460265.402548_Tautenburg___282-3725kHz___7.5-12.5s___kr.wav.pt,kr
2460265.402548_Tautenburg___282-3725kHz___20.0-25.0s___kr.wav.pt,kr
2460265.402548_Tautenburg___282-3725kHz___17.5-22.5s___kr.wav.pt,kr
2460265.402548_Tautenburg___282-3725kHz___25.0-30.0s___kr.wav.pt,kr
2460265.402548_Tautenburg___282-3725kHz___15.0-20.0s___kr.wav.pt,kr
2460265.402548_Tautenburg___282-3725kHz___30.0-35.0s___kr.wav.pt,kr
2460265.402548_Tautenburg___282-3725kHz___27.5-32.5s___kr.wav.pt,kr
2460265.402548_Tautenburg___282-3725kHz___22.5-27.5s___kr.wav.pt,kr
2460371.317686_Tautenburg___343-4068kHz___42.5-47.5s___kr.wav.pt,kr
2460371.317686_Tautenburg___343-4068kHz___37.5-42.5s___kr.wav.pt,kr
2460371.317686_Tautenburg___343-4068kHz___40.0-45.0s___kr.wav.pt,kr
2460371.317686_Tautenburg___343-4068kHz___47.5-52.5s___kr.wav.pt,kr
2460371.317686_Tautenburg___343-4068kHz___45.0-50.0s___kr.wav.pt,kr
2460371.317686_Tautenburg___343-4068kHz___50.0-55.0s___kr.wav.pt,kr
2460371.317686_Tautenburg___343-4068kHz___52.5-57.5s___kr.wav.pt,kr
2460371.317686_Tautenburg___343-4068kHz___27.5-32.5s___kr.wav.pt,kr
2460371.317686_Tautenburg___343-4068kHz___25.0-30.0s___kr.wav.pt,kr
2460371.317686_Tautenburg___343-4068kHz___17.5-22.5s___kr.wav.pt,kr
2460371.317686_Tautenburg___343-4068kHz___20.0-25.0s___kr.wav.pt,kr
2460371.317686_Tautenburg___343-4068kHz___15.0-20.0s___kr.wav.pt,kr
2460371.317686_Tautenburg___343-4068kHz___30.0-35.0s___kr.wav.pt,kr
2460371.317686_Tautenburg___343-4068kHz___12.5-17.5s___kr.wav.pt,kr
2460371.317686_Tautenburg___343-4068kHz___32.5-37.5s___kr.wav.pt,kr
2460371.317686_Tautenburg___343-4068kHz___35.0-40.0s___kr.wav.pt,kr
2460250.723824_Tautenburg___1933-5074kHz___10.0-15.0s___ch.wav.pt,ch
2460250.723824_Tautenburg___1933-5074kHz___35.0-40.0s___ch.wav.pt,ch
2460250.723824_Tautenburg___1933-5074kHz___17.5-22.5s___ch.wav.pt,ch
2460250.723824_Tautenburg___1933-5074kHz___2.5-7.5s___ch.wav.pt,ch
2460373.396224_Tautenburg___524-4551kHz___15.0-20.0s___co.wav.pt,co
2460250.723824_Tautenburg___1933-5074kHz___12.5-17.5s___ch.wav.pt,ch
2460250.723824_Tautenburg___1933-5074kHz___20.0-25.0s___ch.wav.pt,ch
2460250.723824_Tautenburg___1933-5074kHz___22.5-27.5s___ch.wav.pt,ch
2460373.396224_Tautenburg___524-4551kHz___12.5-17.5s___co.wav.pt,co
2460373.396224_Tautenburg___524-4551kHz___17.5-22.5s___co.wav.pt,co
2460373.396224_Tautenburg___524-4551kHz___10.0-15.0s___co.wav.pt,co
2460373.396224_Tautenburg___524-4551kHz___20.0-25.0s___co.wav.pt,co
2460371.522622_Tautenburg___182-9383kHz___17.5-22.5s___co.wav.pt,co
2460250.723824_Tautenburg___1933-5074kHz___32.5-37.5s___ch.wav.pt,ch
2460250.723824_Tautenburg___1933-5074kHz___25.0-30.0s___ch.wav.pt,ch
2460371.522622_Tautenburg___182-9383kHz___20.0-25.0s___co.wav.pt,co
2460371.522622_Tautenburg___182-9383kHz___42.5-47.5s___co.wav.pt,co
2460371.522622_Tautenburg___182-9383kHz___40.0-45.0s___co.wav.pt,co
2460371.522622_Tautenburg___182-9383kHz___15.0-20.0s___co.wav.pt,co
2460250.723824_Tautenburg___1933-5074kHz___27.5-32.5s___ch.wav.pt,ch
2460250.723824_Tautenburg___1933-5074kHz___30.0-35.0s___ch.wav.pt,ch
2460371.522622_Tautenburg___182-9383kHz___10.0-15.0s___co.wav.pt,co
2460208.673141_Tautenburg___4309-8195kHz___15.0-20.0s___tp.wav.pt,tp
2460264.257666_Tautenburg___645-3504kHz___5.0-10.0s___wg.wav.pt,wg
2460264.257666_Tautenburg___645-3504kHz___7.5-12.5s___wg.wav.pt,wg
2460264.257666_Tautenburg___645-3504kHz___2.5-7.5s___wg.wav.pt,wg
2460208.673141_Tautenburg___4309-8195kHz___17.5-22.5s___tp.wav.pt,tp
2460208.673141_Tautenburg___4309-8195kHz___25.0-30.0s___tp.wav.pt,tp
2460264.257666_Tautenburg___645-3504kHz___10.0-15.0s___wg.wav.pt,wg
2460264.257666_Tautenburg___645-3504kHz___0.0-5.0s___wg.wav.pt,wg
2460264.257666_Tautenburg___645-3504kHz___15.0-20.0s___wg.wav.pt,wg
2460264.257666_Tautenburg___645-3504kHz___17.5-22.5s___wg.wav.pt,wg
2460264.257666_Tautenburg___645-3504kHz___12.5-17.5s___wg.wav.pt,wg
2460264.257666_Tautenburg___645-3504kHz___20.0-25.0s___wg.wav.pt,wg
2460264.257666_Tautenburg___645-3504kHz___22.5-27.5s___wg.wav.pt,wg
2460264.257666_Tautenburg___645-3504kHz___25.0-30.0s___wg.wav.pt,wg
2460265.403606_Tautenburg___544-4229kHz___27.5-32.5s___kr.wav.pt,kr
2460265.403606_Tautenburg___544-4229kHz___25.0-30.0s___kr.wav.pt,kr
2460367.559484_Tautenburg___423-2839kHz___22.5-27.5s___kr.wav.pt,kr
2460265.403628_Tautenburg___262-3685kHz___12.5-17.5s___kr.wav.pt,kr
2460265.403606_Tautenburg___544-4229kHz___17.5-22.5s___kr.wav.pt,kr
2460367.559484_Tautenburg___423-2839kHz___5.0-10.0s___kr.wav.pt,kr
2460367.559484_Tautenburg___423-2839kHz___25.0-30.0s___kr.wav.pt,kr
2460265.403606_Tautenburg___544-4229kHz___22.5-27.5s___kr.wav.pt,kr
2460265.403628_Tautenburg___262-3685kHz___10.0-15.0s___kr.wav.pt,kr
2460265.403606_Tautenburg___544-4229kHz___20.0-25.0s___kr.wav.pt,kr
2460367.559484_Tautenburg___423-2839kHz___2.5-7.5s___kr.wav.pt,kr
2460265.403606_Tautenburg___544-4229kHz___15.0-20.0s___kr.wav.pt,kr
2460264.257666_Tautenburg___645-3504kHz___30.0-35.0s___wg.wav.pt,wg
2460264.257666_Tautenburg___645-3504kHz___27.5-32.5s___wg.wav.pt,wg
2460265.403606_Tautenburg___544-4229kHz___10.0-15.0s___kr.wav.pt,kr
2460265.402548_Tautenburg___282-3725kHz___75.0-80.0s___kr.wav.pt,kr
2460265.402548_Tautenburg___282-3725kHz___85.0-90.0s___kr.wav.pt,kr
2460265.402548_Tautenburg___282-3725kHz___82.5-87.5s___kr.wav.pt,kr
2460265.403469_Tautenburg___121-3926kHz___12.5-17.5s___kr.wav.pt,kr
2460265.402548_Tautenburg___282-3725kHz___80.0-85.0s___kr.wav.pt,kr
2460265.403469_Tautenburg___121-3926kHz___10.0-15.0s___kr.wav.pt,kr
2460265.403469_Tautenburg___121-3926kHz___15.0-20.0s___kr.wav.pt,kr
2460265.403606_Tautenburg___544-4229kHz___12.5-17.5s___kr.wav.pt,kr
2460265.402548_Tautenburg___282-3725kHz___90.0-95.0s___kr.wav.pt,kr
2460265.403628_Tautenburg___262-3685kHz___15.0-20.0s___kr.wav.pt,kr
2460265.402548_Tautenburg___282-3725kHz___77.5-82.5s___kr.wav.pt,kr
2460265.402548_Tautenburg___282-3725kHz___87.5-92.5s___kr.wav.pt,kr
2460015.261244_Tautenburg___503-3204kHz___20.0-25.0s___kr.wav.pt,kr
2460015.261244_Tautenburg___503-3204kHz___10.0-15.0s___kr.wav.pt,kr
2460015.261244_Tautenburg___503-3204kHz___22.5-27.5s___kr.wav.pt,kr
2460044.289479_Tautenburg___302-7752kHz___17.5-22.5s___co.wav.pt,co
2460044.289479_Tautenburg___302-7752kHz___10.0-15.0s___co.wav.pt,co
2460044.289479_Tautenburg___302-7752kHz___5.0-10.0s___co.wav.pt,co
2460044.289479_Tautenburg___302-7752kHz___12.5-17.5s___co.wav.pt,co
2460044.289479_Tautenburg___302-7752kHz___2.5-7.5s___co.wav.pt,co
2460044.289479_Tautenburg___302-7752kHz___7.5-12.5s___co.wav.pt,co
2460044.289479_Tautenburg___302-7752kHz___15.0-20.0s___co.wav.pt,co
2460016.352688_Tautenburg___338-2724kHz___10.0-15.0s___co.wav.pt,co
2460044.289479_Tautenburg___302-7752kHz___22.5-27.5s___co.wav.pt,co
2460044.289479_Tautenburg___302-7752kHz___25.0-30.0s___co.wav.pt,co
2460044.289479_Tautenburg___302-7752kHz___27.5-32.5s___co.wav.pt,co
2460044.289479_Tautenburg___302-7752kHz___20.0-25.0s___co.wav.pt,co
2460179.666705_Tautenburg___1430-5719kHz___12.5-17.5s___cr.wav.pt,cr
2460179.666705_Tautenburg___1430-5719kHz___15.0-20.0s___cr.wav.pt,cr
2460179.666705_Tautenburg___1430-5719kHz___10.0-15.0s___cr.wav.pt,cr
2460179.666705_Tautenburg___1430-5719kHz___17.5-22.5s___cr.wav.pt,cr
2460191.317263_Tautenburg___342-3100kHz___12.5-17.5s___na.wav.pt,na
2460191.317263_Tautenburg___342-3100kHz___5.0-10.0s___na.wav.pt,na
2460191.317263_Tautenburg___342-3100kHz___7.5-12.5s___na.wav.pt,na
2460191.317263_Tautenburg___342-3100kHz___10.0-15.0s___na.wav.pt,na
2460191.317263_Tautenburg___342-3100kHz___15.0-20.0s___na.wav.pt,na
2460191.317263_Tautenburg___342-3100kHz___17.5-22.5s___na.wav.pt,na
2460191.317263_Tautenburg___342-3100kHz___27.5-32.5s___na.wav.pt,na
2460191.317263_Tautenburg___342-3100kHz___0.0-5.0s___na.wav.pt,na
2460191.317263_Tautenburg___342-3100kHz___22.5-27.5s___na.wav.pt,na
2460191.317263_Tautenburg___342-3100kHz___40.0-45.0s___na.wav.pt,na
2460191.317263_Tautenburg___342-3100kHz___20.0-25.0s___na.wav.pt,na
2460208.673141_Tautenburg___4309-8195kHz___37.5-42.5s___tp.wav.pt,tp
2460191.317263_Tautenburg___342-3100kHz___30.0-35.0s___na.wav.pt,na
2460191.317263_Tautenburg___342-3100kHz___25.0-30.0s___na.wav.pt,na
2460191.317263_Tautenburg___342-3100kHz___32.5-37.5s___na.wav.pt,na
2460191.317263_Tautenburg___342-3100kHz___37.5-42.5s___na.wav.pt,na
2460191.317263_Tautenburg___342-3100kHz___2.5-7.5s___na.wav.pt,na
2460416.626332_Tautenburg___1389-4369kHz___10-31.9s___mh.wav.pt,mh
2459630.529841_Tautenburg___620-7064kHz___10-31.9s___wg.wav.pt,wg
2460208.559225_Tautenburg___121-2819kHz___30-34.1s___eo.wav.pt,eo
2460235.706888_Tautenburg___1872-6040kHz___10-31.8s___ch.wav.pt,ch
2460375.550010_Tautenburg___866-4047kHz___10-31.8s___ma.wav.pt,ma
2459630.529841_Tautenburg___620-7064kHz___25-31s___wg.wav.pt,wg
2459630.529841_Tautenburg___620-7064kHz___10-11.9s___wg.wav.pt,wg
2460375.550010_Tautenburg___866-4047kHz___34-38s___ma.wav.pt,ma
2459630.529841_Tautenburg___620-7064kHz___20-25s___wg.wav.pt,wg
2460375.550010_Tautenburg___866-4047kHz___13-19s___ma.wav.pt,ma
2460235.706888_Tautenburg___1872-6040kHz___12-18s___ch.wav.pt,ch
2460235.706888_Tautenburg___1872-6040kHz___10-13.8s___ch.wav.pt,ch
2460013.287515_Tautenburg___774-4531kHz___10-31.5s___co.wav.pt,co
2459833.647066_Tautenburg___4209-7712kHz___10-31.6s___tp.wav.pt,tp
2460401.648884_Tautenburg___599-5115kHz___19-31.2s___mh.wav.pt,mh
2460235.706888_Tautenburg___1872-6040kHz___30-38s___ch.wav.pt,ch
2460235.706888_Tautenburg___1872-6040kHz___17-21.8s___ch.wav.pt,ch
2460010.248383_Tautenburg___564-6685kHz___22.5-27.5s___gj.wav.pt,gj
2460013.287515_Tautenburg___774-4531kHz___16-31.5s___co.wav.pt,co
2460010.248383_Tautenburg___564-6685kHz___27.5-32.5s___gj.wav.pt,gj
2460401.648884_Tautenburg___599-5115kHz___10-31.2s___mh.wav.pt,mh
2460010.248383_Tautenburg___564-6685kHz___17.5-22.5s___gj.wav.pt,gj
2460010.248383_Tautenburg___564-6685kHz___20.0-25.0s___gj.wav.pt,gj
2460010.248383_Tautenburg___564-6685kHz___25.0-30.0s___gj.wav.pt,gj
2460013.287515_Tautenburg___774-4531kHz___17.5-22.5s___co.wav.pt,co
2460010.248383_Tautenburg___564-6685kHz___47.5-52.5s___gj.wav.pt,gj
2460010.248383_Tautenburg___564-6685kHz___30.0-35.0s___gj.wav.pt,gj
2460010.248383_Tautenburg___564-6685kHz___35.0-40.0s___gj.wav.pt,gj
2460010.248383_Tautenburg___564-6685kHz___32.5-37.5s___gj.wav.pt,gj
2460010.248383_Tautenburg___564-6685kHz___37.5-42.5s___gj.wav.pt,gj
2460010.248383_Tautenburg___564-6685kHz___45.0-50.0s___gj.wav.pt,gj
2460010.248383_Tautenburg___564-6685kHz___42.5-47.5s___gj.wav.pt,gj
2460010.248383_Tautenburg___564-6685kHz___40.0-45.0s___gj.wav.pt,gj
2460016.538130_Tautenburg___480-3314kHz___12.5-17.5s___bh.wav.pt,bh
2460016.538130_Tautenburg___480-3314kHz___10.0-15.0s___bh.wav.pt,bh
2460011.274111_Tautenburg___557-3451kHz___35.0-40.0s___kr.wav.pt,kr
2460016.538130_Tautenburg___480-3314kHz___17.5-22.5s___bh.wav.pt,bh
2460016.352688_Tautenburg___338-2724kHz___12.5-17.5s___co.wav.pt,co
2460013.287515_Tautenburg___774-4531kHz___15.0-20.0s___co.wav.pt,co
2460010.248383_Tautenburg___564-6685kHz___50.0-55.0s___gj.wav.pt,gj
2460016.538130_Tautenburg___480-3314kHz___15.0-20.0s___bh.wav.pt,bh
2460371.317686_Tautenburg___343-4068kHz___101-106.3s___kr.wav.pt,kr
2460371.317686_Tautenburg___343-4068kHz___190-193s___kr.wav.pt,kr
2459864.432417_Tautenburg___604-3362kHz___160-161s___h..wav.pt,h
2460371.317686_Tautenburg___343-4068kHz___180-186.3s___kr.wav.pt,kr
2459864.432417_Tautenburg___604-3362kHz___10-161.1s___h..wav.pt,h
2459864.432417_Tautenburg___604-3362kHz___10-16.1s___h..wav.pt,h
2459864.432417_Tautenburg___604-3362kHz___123-131.1s___h..wav.pt,h
2460028.350579_Tautenburg___3564-7148kHz___10-41.1s___co.wav.pt,co
2460371.317686_Tautenburg___343-4068kHz___170-183s___kr.wav.pt,kr
2460214.675353_Tautenburg___544-8135kHz___10-32.4s___to.wav.pt,to
2459864.432417_Tautenburg___604-3362kHz___155-161.1s___h..wav.pt,h
2459864.432417_Tautenburg___604-3362kHz___140-145.1s___h..wav.pt,h
2460371.317686_Tautenburg___343-4068kHz___110-113s___kr.wav.pt,kr
2460371.317686_Tautenburg___343-4068kHz___180-189s___kr.wav.pt,kr
2460028.350579_Tautenburg___3564-7148kHz___30-36s___co.wav.pt,co
2460028.350579_Tautenburg___3564-7148kHz___34-41s___co.wav.pt,co
2460028.350579_Tautenburg___3564-7148kHz___30-39s___co.wav.pt,co
2460028.350579_Tautenburg___3564-7148kHz___40-44s___co.wav.pt,co
2459834.648485_Tautenburg___6403-9504kHz___10-22.5s___r..wav.pt,r
2459834.648485_Tautenburg___6403-9504kHz___10-32.5s___r..wav.pt,r
2460214.675353_Tautenburg___544-8135kHz___60-64s___to.wav.pt,to
2460234.514842_Tautenburg___122-1531kHz___10-32.2s___eo.wav.pt,eo
2460234.514842_Tautenburg___122-1531kHz___50-52.2s___eo.wav.pt,eo
2460234.514842_Tautenburg___122-1531kHz___40-42s___eo.wav.pt,eo
2460214.675353_Tautenburg___544-8135kHz___70-76s___to.wav.pt,to
2460416.626332_Tautenburg___1389-4369kHz___18-24s___mh.wav.pt,mh
2460408.285644_Tautenburg___625-7632kHz___10-32.1s___to.wav.pt,to
2460408.285644_Tautenburg___625-7632kHz___20-22s___to.wav.pt,to
2460208.559225_Tautenburg___121-2819kHz___10-32.1s___eo.wav.pt,eo
2460408.285644_Tautenburg___625-7632kHz___34-45s___to.wav.pt,to
2460408.285644_Tautenburg___625-7632kHz___29.1-31s___to.wav.pt,to
2460191.317110_Tautenburg___202-6283kHz___10-33s___h..wav.pt,h
2460191.317110_Tautenburg___202-6283kHz___10-30s___h..wav.pt,h
2460191.317110_Tautenburg___202-6283kHz___12-23s___h..wav.pt,h
2460201.542504_Tautenburg___402-3342kHz___10-32.9s___to.wav.pt,to
2460016.538130_Tautenburg___480-3314kHz___17-32s___bh.wav.pt,bh
2460264.747392_Tautenburg___5678-9564kHz___10-27s___b..wav.pt,b
2460264.747392_Tautenburg___5678-9564kHz___10-32.7s___b..wav.pt,b
2460264.747392_Tautenburg___5678-9564kHz___16-34s___b..wav.pt,b
2460007.408949_Tautenburg___1168-2658kHz___10-32.7s___gn.wav.pt,gn
2460264.747392_Tautenburg___5678-9564kHz___10-31.7s___b..wav.pt,b
2460007.408949_Tautenburg___1168-2658kHz___10-37s___gn.wav.pt,gn
2460264.747392_Tautenburg___5678-9564kHz___1-3s___b..wav.pt,b
2460016.538130_Tautenburg___480-3314kHz___10-32.7s___bh.wav.pt,bh
2460264.747392_Tautenburg___5678-9564kHz___10-12.7s___b..wav.pt,b
2459656.542271_Tautenburg___1832-5496kHz___10-36s___wn.wav.pt,wn
2460002.398055_Tautenburg___363-4370kHz___10-32.9s___ms.wav.pt,ms
2460002.398055_Tautenburg___363-4370kHz___10-22.9s___ms.wav.pt,ms
2459864.432417_Tautenburg___604-3362kHz___123-145.1s___h..wav.pt,h
2459656.542271_Tautenburg___1832-5496kHz___10-22.6s___wn.wav.pt,wn
2460201.621153_Tautenburg___484-6947kHz___10-32.5s___to.wav.pt,to
2460201.621153_Tautenburg___484-6947kHz___10-32s___to.wav.pt,to
2459656.542271_Tautenburg___1832-5496kHz___10-32.6s___wn.wav.pt,wn
2460371.317686_Tautenburg___343-4068kHz___50-53s___kr.wav.pt,kr
2460371.317686_Tautenburg___343-4068kHz___50-86s___kr.wav.pt,kr
2460371.317686_Tautenburg___343-4068kHz___106-183s___kr.wav.pt,kr
2460371.317686_Tautenburg___343-4068kHz___10-186.3s___kr.wav.pt,kr
2460371.317686_Tautenburg___343-4068kHz___10-66.3s___kr.wav.pt,kr
2460371.317686_Tautenburg___343-4068kHz___150-183s___kr.wav.pt,kr
2460371.317686_Tautenburg___343-4068kHz___140-143s___kr.wav.pt,kr
2460371.317686_Tautenburg___343-4068kHz___10-53s___kr.wav.pt,kr
2460371.317686_Tautenburg___343-4068kHz___120-133s___kr.wav.pt,kr
2460371.317686_Tautenburg___343-4068kHz___9-16.3s___kr.wav.pt,kr
2460371.317686_Tautenburg___343-4068kHz___19-33s___kr.wav.pt,kr
2460371.317686_Tautenburg___343-4068kHz___101-111s___kr.wav.pt,kr
2460371.317686_Tautenburg___343-4068kHz___10-73s___kr.wav.pt,kr
2460371.317686_Tautenburg___343-4068kHz___30-43s___kr.wav.pt,kr
2460373.396224_Tautenburg___524-4551kHz___16-34s___co.wav.pt,co
2460195.276688_Tautenburg___302-5134kHz___10-34.4s___h..wav.pt,h
2459826.447414_Tautenburg___906-3342kHz___10-34.4s___na.wav.pt,na
2460027.529721_Tautenburg___564-6363kHz___10-38.9s___mh.wav.pt,mh
2460428.334581_Tautenburg___1128-4511kHz___10-40s___lg.wav.pt,lg
2460027.529721_Tautenburg___564-6363kHz___17-38.9s___mh.wav.pt,mh
2460031.287087_Tautenburg___705-5900kHz___13-33s___co.wav.pt,co
2460031.287087_Tautenburg___705-5900kHz___15-35s___co.wav.pt,co
2460009.526656_Tautenburg___403-4309kHz___10-39.2s___h..wav.pt,h
2460031.287087_Tautenburg___705-5900kHz___10-38.5s___co.wav.pt,co
2460033.505298_Tautenburg___705-5497kHz___10-38.4s___co.wav.pt,co
2460428.334581_Tautenburg___1128-4511kHz___10-30s___lg.wav.pt,lg
2460411.390294_Tautenburg___363-7108kHz___10-33.8s___co.wav.pt,co
2459822.497426_Tautenburg___564-6544kHz___10-40.1s___h..wav.pt,h
2460411.390294_Tautenburg___363-7108kHz___30-38s___co.wav.pt,co
2460411.390294_Tautenburg___363-7108kHz___17-23.8s___co.wav.pt,co
2459822.497426_Tautenburg___564-6544kHz___40-40.1s___h..wav.pt,h
2460413.633292_Tautenburg___705-6020kHz___10-34.1s___to.wav.pt,to
2460413.633292_Tautenburg___705-6020kHz___30-34.1s___to.wav.pt,to
2460268.757087_Tautenburg___5275-10087kHz___19-34s___b..wav.pt,b
2460198.635449_Tautenburg___-1-2799kHz___10-33.6s___eo.wav.pt,eo
2460213.661541_Tautenburg___363-4410kHz___11.0-32s___to.wav.pt,to
2460411.390294_Tautenburg___363-7108kHz___30-33.8s___co.wav.pt,co
2460213.661541_Tautenburg___363-4410kHz___19-31s___to.wav.pt,to
2460268.757087_Tautenburg___5275-10087kHz___10-33.4s___b..wav.pt,b
2460213.661541_Tautenburg___363-4410kHz___10-33.2s___to.wav.pt,to
2460268.757087_Tautenburg___5275-10087kHz___12-26s___b..wav.pt,b
2460538.613310_Tautenburg___1108-7752kHz___10-36.3s___to.wav.pt,to
2460538.613310_Tautenburg___1108-7752kHz___19-21.3s___to.wav.pt,to
2460538.613310_Tautenburg___1108-7752kHz___30-43s___to.wav.pt,to
2460538.613310_Tautenburg___1108-7752kHz___9-33s___to.wav.pt,to
2460538.613310_Tautenburg___1108-7752kHz___10-21.3s___to.wav.pt,to
2460538.613310_Tautenburg___1108-7752kHz___20-33s___to.wav.pt,to
2460015.261244_Tautenburg___503-3204kHz___10-42.6s___kr.wav.pt,kr
2460257.248948_Tautenburg___121-2295kHz___10-42.3s___gj.wav.pt,gj
2460257.248948_Tautenburg___121-2295kHz___10-43s___gj.wav.pt,gj
2460227.223004_Tautenburg___584-9040kHz___40-47s___to.wav.pt,to
2460015.261244_Tautenburg___503-3204kHz___43-46s___kr.wav.pt,kr
2460227.223004_Tautenburg___584-9040kHz___10-69.7s___to.wav.pt,to
2460018.405740_Tautenburg___461-3602kHz___10-36.3s___co.wav.pt,co
2460227.223004_Tautenburg___584-9040kHz___60-67s___to.wav.pt,to
2460018.405740_Tautenburg___461-3602kHz___26-33s___co.wav.pt,co
2460227.223004_Tautenburg___584-9040kHz___50-69s___to.wav.pt,to
2460015.261244_Tautenburg___503-3204kHz___30-42s___kr.wav.pt,kr
2460362.461236_Tautenburg___926-4188kHz___10-36.1s___co.wav.pt,co
2460269.755604_Tautenburg___1671-4148kHz___10-36s___ch.wav.pt,ch
2460269.755604_Tautenburg___1671-4148kHz___10-23s___ch.wav.pt,ch
2460269.755604_Tautenburg___1671-4148kHz___10-26s___ch.wav.pt,ch
2460269.755604_Tautenburg___1671-4148kHz___15-26s___ch.wav.pt,ch
2460269.755604_Tautenburg___1671-4148kHz___12-26s___ch.wav.pt,ch
2460001.731799_Tautenburg___1551-3202kHz___10-35.7s___bf.wav.pt,bf
2460001.731799_Tautenburg___1551-3202kHz___23-35s___bf.wav.pt,bf
2459861.303185_Tautenburg___382-6060kHz___30-35s___ms.wav.pt,ms
2460001.731799_Tautenburg___1551-3202kHz___30-37s___bf.wav.pt,bf
2460202.604110_Tautenburg___40-3362kHz___10-35.6s___eo.wav.pt,eo
2460235.207045_Tautenburg___81-3202kHz___10-30.6s___eo.wav.pt,eo
2459861.303185_Tautenburg___382-6060kHz___10-35.3s___ms.wav.pt,ms
2460373.396224_Tautenburg___524-4551kHz___10-31.4s___co.wav.pt,co
2459861.303185_Tautenburg___382-6060kHz___20-33s___ms.wav.pt,ms
2460016.538130_Tautenburg___480-3314kHz___14-32s___bh.wav.pt,bh
2460373.396224_Tautenburg___524-4551kHz___10-34.4s___co.wav.pt,co
2460235.207045_Tautenburg___81-3202kHz___10-34.6s___eo.wav.pt,eo
2460192.505778_Tautenburg___504-6061kHz___15-19s___to.wav.pt,to
2460376.279480_Tautenburg___523-4711kHz___30.9-61.7s___co.wav.pt,co
2460421.391336_Tautenburg___483-5537kHz___10-22s___co.wav.pt,co
2460376.279480_Tautenburg___523-4711kHz___0.0-30.9s___co.wav.pt,co
2460192.505778_Tautenburg___504-6061kHz___2-22.2s___to.wav.pt,to
2460369.596035_Tautenburg___544-5678kHz___10-15s___l..wav.pt,l
2460421.391336_Tautenburg___483-5537kHz___10-38.2s___co.wav.pt,co
2460194.292935_Tautenburg___805-4349kHz___0-4.8s___h..wav.pt,h
2460369.596035_Tautenburg___544-5678kHz___10-37.7s___l..wav.pt,l
2460194.292935_Tautenburg___805-4349kHz___30-38s___h..wav.pt,h
2460194.292935_Tautenburg___805-4349kHz___10-37.8s___h..wav.pt,h
2460177.318427_Tautenburg___332-7545kHz___29.0-36s___to.wav.pt,to
2460369.596035_Tautenburg___544-5678kHz___11-17s___l..wav.pt,l
2460192.505778_Tautenburg___504-6061kHz___31.2-62.4s___to.wav.pt,to
2460192.505778_Tautenburg___504-6061kHz___21.2-32.4s___to.wav.pt,to
2460192.505778_Tautenburg___504-6061kHz___31.2-42.4s___to.wav.pt,to
2460192.505778_Tautenburg___504-6061kHz___51.2-62.4s___to.wav.pt,to
2460192.505778_Tautenburg___504-6061kHz___0.0-31.2s___to.wav.pt,to
2460369.596035_Tautenburg___544-5678kHz___9-17s___l..wav.pt,l
2460369.596035_Tautenburg___544-5678kHz___20-27s___l..wav.pt,l
2460273.756113_Tautenburg___5174-9604kHz___9-11s___b..wav.pt,b
2460273.756113_Tautenburg___5174-9604kHz___10-37.1s___b..wav.pt,b
2460273.756113_Tautenburg___5174-9604kHz___16-31s___b..wav.pt,b
2460259.411285_Tautenburg___664-8758kHz___10-37s___to.wav.pt,to
2460189.463340_Tautenburg___886-9161kHz___10-15s___to.wav.pt,to
2460369.658888_Tautenburg___343-2860kHz___10-36.6s___kr.wav.pt,kr
2460259.411285_Tautenburg___664-8758kHz___20-33s___to.wav.pt,to
2460189.463340_Tautenburg___886-9161kHz___10-35s___to.wav.pt,to
2460189.463340_Tautenburg___886-9161kHz___10-25s___to.wav.pt,to
2460259.411285_Tautenburg___664-8758kHz___10-21s___to.wav.pt,to
2460369.658888_Tautenburg___343-2860kHz___10-17s___kr.wav.pt,kr
2460189.463340_Tautenburg___886-9161kHz___10-36.5s___to.wav.pt,to
2460010.541882_Tautenburg___403-5155kHz___55.4-60.8s___h.wav.pt,h
2460010.541882_Tautenburg___403-5155kHz___32.4-60.8s___h.wav.pt,h
2460235.696830_Tautenburg___282-9383kHz___10-41.9s___to.wav.pt,to
2460373.245598_Tautenburg___363-3242kHz___10-41.8s___co.wav.pt,co
2460235.696830_Tautenburg___282-9383kHz___30-40.9s___to.wav.pt,to
2460200.641132_Tautenburg___464-8397kHz___0.0-32.0s___to.wav.pt,to
2460200.641132_Tautenburg___464-8397kHz___0.0-12.0s___to.wav.pt,to
2460200.641132_Tautenburg___464-8397kHz___5.0-32.0s___to.wav.pt,to
2460213.507110_Tautenburg___523-7691kHz___58.8-117.6s___to.wav.pt,to
2460213.507110_Tautenburg___523-7691kHz___78.8-99.6s___to.wav.pt,to
2460177.318427_Tautenburg___332-7545kHz___31.6-63.3s___to.wav.pt,to
2460213.507110_Tautenburg___523-7691kHz___78.8-112.6s___to.wav.pt,to
2460213.507110_Tautenburg___523-7691kHz___88.8-101.6s___to.wav.pt,to
2460177.318427_Tautenburg___332-7545kHz___11.6-21.3s___to.wav.pt,to
2460177.318427_Tautenburg___332-7545kHz___16-63s___to.wav.pt,to
2460177.318427_Tautenburg___332-7545kHz___60-63s___to.wav.pt,to
2460220.353497_Tautenburg___523-5255kHz___101-112s___to.wav.pt,to
2460220.353497_Tautenburg___523-5255kHz___101-111s___to.wav.pt,to
2460220.353497_Tautenburg___523-5255kHz___59.1-118.2s___to.wav.pt,to
2460193.277537_Tautenburg___282-4490kHz___10-69.6s___to.wav.pt,to
2460193.277537_Tautenburg___282-4490kHz___30-46s___to.wav.pt,to
2460193.277537_Tautenburg___282-4490kHz___60-66s___to.wav.pt,to
2460177.318427_Tautenburg___332-7545kHz___17.0-26s___to.wav.pt,to
2460177.318427_Tautenburg___332-7545kHz___0.0-31.6s___to.wav.pt,to
2460193.277537_Tautenburg___282-4490kHz___50-56s___to.wav.pt,to
2460220.353497_Tautenburg___523-5255kHz___0.0-59.1s___to.wav.pt,to
2460220.353497_Tautenburg___523-5255kHz___20-31s___to.wav.pt,to
2460220.353497_Tautenburg___523-5255kHz___30-51s___to.wav.pt,to
2460199.587397_Tautenburg___1-8573kHz___4.0-18.4s___to.wav.pt,to
2460200.641132_Tautenburg___464-8397kHz___32.0-66.9s___to.wav.pt,to
2460194.354938_Tautenburg___323-6766kHz___62.6-69s___to.wav.pt,to
2460194.354938_Tautenburg___323-6766kHz___52.6-60.3s___to.wav.pt,to
2460199.587397_Tautenburg___1-8573kHz___62.4-68s___to.wav.pt,to
2460194.354938_Tautenburg___323-6766kHz___0.0-32.6s___to.wav.pt,to
2460194.354938_Tautenburg___323-6766kHz___32.6-65.3s___to.wav.pt,to
2460194.354938_Tautenburg___323-6766kHz___36-63s___to.wav.pt,to
2460194.354938_Tautenburg___323-6766kHz___39.6-61.3s___to.wav.pt,to
2460194.354938_Tautenburg___323-6766kHz___15.0-22.6s___to.wav.pt,to
2460200.641132_Tautenburg___464-8397kHz___52.0-69.9s___to.wav.pt,to
2460199.587397_Tautenburg___1-8573kHz___52.4-60.8s___to.wav.pt,to
2460199.587397_Tautenburg___1-8573kHz___24.0-30.4s___to.wav.pt,to
2460199.587397_Tautenburg___1-8573kHz___32.4-64.8s___to.wav.pt,to
2460199.587397_Tautenburg___1-8573kHz___52.4-61.8s___to.wav.pt,to
2460200.641132_Tautenburg___464-8397kHz___32.0-63.9s___to.wav.pt,to
2460265.403606_Tautenburg___544-4229kHz___28-32s___kr.wav.pt,kr
2460200.641132_Tautenburg___464-8397kHz___32.0-56.9s___to.wav.pt,to
2460200.641132_Tautenburg___464-8397kHz___32.0-34.9s___to.wav.pt,to
2460265.403606_Tautenburg___544-4229kHz___10-42s___kr.wav.pt,kr
2460265.403606_Tautenburg___544-4229kHz___20-32s___kr.wav.pt,kr
2460265.403606_Tautenburg___544-4229kHz___34-42s___kr.wav.pt,kr
2460265.403606_Tautenburg___544-4229kHz___10-13s___kr.wav.pt,kr
2460010.541882_Tautenburg___403-5155kHz___16.0-22s___h.wav.pt,h
2460010.541882_Tautenburg___403-5155kHz___32.4-64.8s___h.wav.pt,h
2460010.541882_Tautenburg___403-5155kHz___21-31s___h.wav.pt,h
2460010.541882_Tautenburg___403-5155kHz___0.0-32.4s___h.wav.pt,h
2460250.726788_Tautenburg___1933-5295kHz___44.0-61s___ch.wav.pt,ch
2460250.726788_Tautenburg___1933-5295kHz___45.0-61.1s___ch.wav.pt,ch
2460250.726788_Tautenburg___1933-5295kHz___30-61s___ch.wav.pt,ch
2460194.292933_Tautenburg___382-3322kHz___10-61.7s___h..wav.pt,h
2460250.726788_Tautenburg___1933-5295kHz___50-61s___ch.wav.pt,ch
2460010.248383_Tautenburg___564-6685kHz___45.0-56.2s___gj.wav.pt,gj
2460010.248383_Tautenburg___564-6685kHz___43.0-56.2s___gj.wav.pt,gj
2460010.248383_Tautenburg___564-6685kHz___43.0-52s___gj.wav.pt,gj
2460200.296256_Tautenburg___443-3584kHz___10-65.2s___h..wav.pt,h
2460010.248383_Tautenburg___564-6685kHz___20.0-35.2s___gj.wav.pt,gj
2460010.248383_Tautenburg___564-6685kHz___0.0-56.2s___gj.wav.pt,gj
2460200.296256_Tautenburg___443-3584kHz___10-61.2s___h..wav.pt,h
2460194.292933_Tautenburg___382-3322kHz___60-67s___h..wav.pt,h
2459666.337142_Tautenburg___1028-6343kHz___10-63.6s___mh.wav.pt,mh
2460194.287313_Tautenburg___222-6645kHz___10-66.1s___to.wav.pt,to
2459666.337142_Tautenburg___1028-6343kHz___50-66s___mh.wav.pt,mh
2460010.248383_Tautenburg___564-6685kHz___100.2-112.5s___gj.wav.pt,gj
2460194.287313_Tautenburg___222-6645kHz___50-61s___to.wav.pt,to
2460010.248383_Tautenburg___564-6685kHz___56.2-112.5s___gj.wav.pt,gj
2460010.248383_Tautenburg___564-6685kHz___52-115s___gj.wav.pt,gj
2460010.248383_Tautenburg___564-6685kHz___78.2-102.5s___gj.wav.pt,gj
2460010.248383_Tautenburg___564-6685kHz___56.2-62.5s___gj.wav.pt,gj
2460010.248383_Tautenburg___564-6685kHz___56.2-105s___gj.wav.pt,gj
2460010.248383_Tautenburg___564-6685kHz___112-115s___gj.wav.pt,gj
2460010.248383_Tautenburg___564-6685kHz___100.2-105s___gj.wav.pt,gj
2459998.278178_Tautenburg___464-4491kHz___10-36.7s___co.wav.pt,co
2459998.278178_Tautenburg___464-4491kHz___60-65s___co.wav.pt,co
2459998.278178_Tautenburg___464-4491kHz___40-47s___co.wav.pt,co
2459998.278178_Tautenburg___464-4491kHz___10-65.7s___co.wav.pt,co
2459998.278178_Tautenburg___464-4491kHz___10-34.7s___co.wav.pt,co
2459998.278178_Tautenburg___464-4491kHz___60-67s___co.wav.pt,co
2459856.399620_Tautenburg___705-3363kHz___0.0-40.8s___wg.wav.pt,wg
2460218.601255_Tautenburg___1-3786kHz___10-50.4s___eo.wav.pt,eo
2459856.399620_Tautenburg___705-3363kHz___32.0-43s___wg.wav.pt,wg
2459856.399620_Tautenburg___705-3363kHz___40.0-48s___wg.wav.pt,wg
2460208.673141_Tautenburg___4309-8195kHz___10-50.6s___tp.wav.pt,tp
2460208.673141_Tautenburg___4309-8195kHz___10-56s___tp.wav.pt,tp
2460218.601255_Tautenburg___1-3786kHz___40-44s___eo.wav.pt,eo
2459856.399620_Tautenburg___705-3363kHz___48-86s___wg.wav.pt,wg
2460361.288070_Tautenburg___543-2879kHz___30-43s___kr.wav.pt,kr
2459856.399620_Tautenburg___705-3363kHz___40.8-81.6s___wg.wav.pt,wg
2460361.288070_Tautenburg___543-2879kHz___10-49.3s___kr.wav.pt,kr
2459834.287679_Tautenburg___665-5256kHz___39.5-79.0s___h.wav.pt,h
2460041.445851_Tautenburg___463-4611kHz___10-48.2s___mh.wav.pt,mh
2459834.263800_Tautenburg___543-5879kHz___0.0-39.0s___h.wav.pt,h
2460040.624677_Tautenburg___222-4893kHz___10-49.5s___h..wav.pt,h
2459834.287679_Tautenburg___665-5256kHz___0.0-39.5s___h.wav.pt,h
2460172.341674_Tautenburg___282-2316kHz___114.7-172.0s___to.wav.pt,to
2460172.341674_Tautenburg___282-2316kHz___145.7-172.0s___to.wav.pt,to
2459834.263800_Tautenburg___543-5879kHz___39.0-78.1s___h.wav.pt,h
2460218.239147_Tautenburg___81-3182kHz___35.4-70.7s___eo.wav.pt,eo
2460218.239147_Tautenburg___81-3182kHz___34.0-35.4s___eo.wav.pt,eo
2460218.239147_Tautenburg___81-3182kHz___34-70s___eo.wav.pt,eo
2460218.239147_Tautenburg___81-3182kHz___0.0-35.4s___eo.wav.pt,eo
2460264.257666_Tautenburg___645-3504kHz___0.0-36.1s___wg.wav.pt,wg
2460369.644382_Tautenburg___584-4732kHz___10-45.9s___mh.wav.pt,mh
2460264.257666_Tautenburg___645-3504kHz___20-31s___wg.wav.pt,wg
2460264.257666_Tautenburg___645-3504kHz___23.0-37s___wg.wav.pt,wg
2459843.283192_Tautenburg___524-4490kHz___0.0-36.6s___h.wav.pt,h
2459833.540542_Tautenburg___302-4228kHz___10-47.1s___h..wav.pt,h
2460195.483451_Tautenburg___503-5295kHz___10-48.9s___h..wav.pt,h
2460218.317084_Tautenburg___322-5074kHz___10-48.8s___h..wav.pt,h
2459834.451548_Tautenburg___705-4390kHz___35.2-70.4s___h.wav.pt,h
2460202.472434_Tautenburg___423-3322kHz___0.0-38.1s___h.wav.pt,h
2460202.472434_Tautenburg___423-3322kHz___38.1-76.3s___h.wav.pt,h
2459843.283192_Tautenburg___524-4490kHz___36.6-73.3s___h.wav.pt,h
2459834.451548_Tautenburg___705-4390kHz___0.0-35.2s___h.wav.pt,h
2460269.400147_Tautenburg___705-10551kHz___40-46s___to.wav.pt,to
2459995.355257_Tautenburg___564-2859kHz___10-66.6s___kr.wav.pt,kr
2460269.400147_Tautenburg___705-10551kHz___30-42s___to.wav.pt,to
2459995.355257_Tautenburg___564-2859kHz___50-60s___kr.wav.pt,kr
2460269.400147_Tautenburg___705-10551kHz___10-44.6s___to.wav.pt,to
2459995.355257_Tautenburg___564-2859kHz___30-54.6s___kr.wav.pt,kr
2460269.400147_Tautenburg___705-10551kHz___40-44s___to.wav.pt,to
2460208.675598_Tautenburg___363-2980kHz___0.0-34.8s___to.wav.pt,to
2460208.675598_Tautenburg___363-2980kHz___38-65s___to.wav.pt,to
2460269.400147_Tautenburg___705-10551kHz___20-32s___to.wav.pt,to
2460208.675598_Tautenburg___363-2980kHz___34.8-69.5s___to.wav.pt,to
2460208.675598_Tautenburg___363-2980kHz___7.0-38s___to.wav.pt,to
2459995.355257_Tautenburg___564-2859kHz___32-61s___kr.wav.pt,kr
2460264.257666_Tautenburg___645-3504kHz___36.1-72.2s___wg.wav.pt,wg
2460264.257666_Tautenburg___645-3504kHz___41-70s___wg.wav.pt,wg
2460264.257666_Tautenburg___645-3504kHz___36.1-56s___wg.wav.pt,wg
2460264.257666_Tautenburg___645-3504kHz___24.0-36s___wg.wav.pt,wg
2460264.257666_Tautenburg___645-3504kHz___39-72s___wg.wav.pt,wg
2459833.399011_Tautenburg___564-4651kHz___0.0-58.0s___h.wav.pt,h
2460205.455219_Tautenburg___201-6805kHz___30-43s___to.wav.pt,to
2460033.505298_Tautenburg___705-5497kHz___19-34s___co.wav.pt,co
2460033.505298_Tautenburg___705-5497kHz___29-44s___co.wav.pt,co
2460033.505298_Tautenburg___705-5497kHz___19-24s___co.wav.pt,co
2460371.317686_Tautenburg___343-4068kHz___0.0-58.8s___kr.wav.pt,kr
2460194.354938_Tautenburg___323-6766kHz___20.0-22.6s___to.wav.pt,to
2460371.317686_Tautenburg___343-4068kHz___38.0-46.8s___kr.wav.pt,kr
2460213.329069_Tautenburg___644-8154kHz___10-45.7s___to.wav.pt,to
2460194.354938_Tautenburg___323-6766kHz___20-21.6s___to.wav.pt,to
2460371.317686_Tautenburg___343-4068kHz___50-58s___kr.wav.pt,kr
2460213.329069_Tautenburg___644-8154kHz___10-68.7s___to.wav.pt,to
2460213.329069_Tautenburg___644-8154kHz___10-57s___to.wav.pt,to
2460213.329069_Tautenburg___644-8154kHz___40-57s___to.wav.pt,to
2460371.317686_Tautenburg___343-4068kHz___24.0-35.8s___kr.wav.pt,kr
2460371.317686_Tautenburg___343-4068kHz___35.0-45.8s___kr.wav.pt,kr
2460370.387075_Tautenburg___503-3161kHz___0.0-34.5s___h.wav.pt,h
2460213.264501_Tautenburg___423-4591kHz___34.5-69.1s___h.wav.pt,h
2460213.507110_Tautenburg___523-7691kHz___0.0-58.8s___to.wav.pt,to
2459833.399011_Tautenburg___564-4651kHz___58.0-116.0s___h.wav.pt,h
2460370.387075_Tautenburg___503-3161kHz___34.5-69.0s___h.wav.pt,h
2460371.317686_Tautenburg___343-4068kHz___85-103s___kr.wav.pt,kr
2460371.317686_Tautenburg___343-4068kHz___155-173s___kr.wav.pt,kr
2460371.317686_Tautenburg___343-4068kHz___117.5-176.3s___kr.wav.pt,kr
2460371.317686_Tautenburg___343-4068kHz___100.5-113s___kr.wav.pt,kr
2460371.317686_Tautenburg___343-4068kHz___170-173s___kr.wav.pt,kr
2460213.264501_Tautenburg___423-4591kHz___0.0-34.5s___h.wav.pt,h
2460371.317686_Tautenburg___343-4068kHz___58.8-75s___kr.wav.pt,kr
2460371.317686_Tautenburg___343-4068kHz___88-110s___kr.wav.pt,kr
2460371.317686_Tautenburg___343-4068kHz___115-173s___kr.wav.pt,kr
2460371.317686_Tautenburg___343-4068kHz___8.8-15s___kr.wav.pt,kr
2460371.317686_Tautenburg___343-4068kHz___58.8-117.5s___kr.wav.pt,kr
2460371.317686_Tautenburg___343-4068kHz___88-109s___kr.wav.pt,kr
2460371.317686_Tautenburg___343-4068kHz___148-165s___kr.wav.pt,kr
2460371.317686_Tautenburg___343-4068kHz___58-117s___kr.wav.pt,kr
2460191.317263_Tautenburg___342-3100kHz___56.6-73s___na.wav.pt,na
2460191.317263_Tautenburg___342-3100kHz___0.0-46.6s___na.wav.pt,na
2460191.317263_Tautenburg___342-3100kHz___10-26.6s___na.wav.pt,na
2460191.317263_Tautenburg___342-3100kHz___40-46s___na.wav.pt,na
2460371.317686_Tautenburg___343-4068kHz___108.8-115s___kr.wav.pt,kr
2460191.317263_Tautenburg___342-3100kHz___23.0-36s___na.wav.pt,na
2460191.317263_Tautenburg___342-3100kHz___56.6-65s___na.wav.pt,na
2460191.317263_Tautenburg___342-3100kHz___30.0-36.6s___na.wav.pt,na
2460191.317263_Tautenburg___342-3100kHz___46.6-93.3s___na.wav.pt,na
2460192.289121_Tautenburg___564-3987kHz___10-44.3s___h..wav.pt,h
2459856.256261_Tautenburg___464-3303kHz___10-44.4s___wg.wav.pt,wg
2460257.248831_Tautenburg___665-2880kHz___0.0-33.9s___gj.wav.pt,gj
2459856.256261_Tautenburg___464-3303kHz___40-44.4s___wg.wav.pt,wg
2460191.317263_Tautenburg___342-3100kHz___49.6-90.3s___na.wav.pt,na
2460257.248831_Tautenburg___665-2880kHz___33.9-67.8s___gj.wav.pt,gj
2460257.248831_Tautenburg___665-2880kHz___46.9-60s___gj.wav.pt,gj
2460230.423633_Tautenburg___161-5617kHz___7.0-12.1s___to.wav.pt,to
2460257.248831_Tautenburg___665-2880kHz___23.0-33.9s___gj.wav.pt,gj
2460044.289479_Tautenburg___302-7752kHz___0.0-34.3s___co.wav.pt,co
2460230.423633_Tautenburg___161-5617kHz___30.0-34.1s___to.wav.pt,to
2460257.248831_Tautenburg___665-2880kHz___10.0-13.9s___gj.wav.pt,gj
2460257.248831_Tautenburg___665-2880kHz___63.9-67.8s___gj.wav.pt,gj
2460230.423633_Tautenburg___161-5617kHz___0.0-34.1s___to.wav.pt,to
2460230.423633_Tautenburg___161-5617kHz___34.1-43s___to.wav.pt,to
2460044.289479_Tautenburg___302-7752kHz___34.3-68.6s___co.wav.pt,co
2460230.423633_Tautenburg___161-5617kHz___39.1-63s___to.wav.pt,to
2460044.289479_Tautenburg___302-7752kHz___27-31s___co.wav.pt,co
2460044.289479_Tautenburg___302-7752kHz___34.3-60.6s___co.wav.pt,co
2460044.289479_Tautenburg___302-7752kHz___23.0-33s___co.wav.pt,co
2460044.289479_Tautenburg___302-7752kHz___34.3-38.6s___co.wav.pt,co
2460374.594515_Tautenburg___444-8437kHz___10-43.8s___to.wav.pt,to
2460222.501201_Tautenburg___1-2558kHz___10-13.9s___eo.wav.pt,eo
2460194.593976_Tautenburg___866-9443kHz___33.8-67.5s___to.wav.pt,to
2460374.594515_Tautenburg___444-8437kHz___34.0-43.8s___to.wav.pt,to
2460222.501201_Tautenburg___1-2558kHz___10-43.9s___eo.wav.pt,eo
2460194.593976_Tautenburg___866-9443kHz___0.0-33.8s___to.wav.pt,to
2460194.593976_Tautenburg___866-9443kHz___3.0-13.8s___to.wav.pt,to
2460180.348705_Tautenburg___464-2477kHz___33.5-66.9s___to.wav.pt,to
2460194.593976_Tautenburg___866-9443kHz___63.8-65s___to.wav.pt,to
2460194.593976_Tautenburg___866-9443kHz___13-23.5s___to.wav.pt,to
2459856.430063_Tautenburg___705-3182kHz___8.0-23.0s___wg.wav.pt,wg
2460180.348705_Tautenburg___464-2477kHz___30.0-35s___to.wav.pt,to
2460194.593976_Tautenburg___866-9443kHz___25.0-33.8s___to.wav.pt,to
2460180.348705_Tautenburg___464-2477kHz___0.0-33.5s___to.wav.pt,to
2459856.430063_Tautenburg___705-3182kHz___0.0-13.0s___wg.wav.pt,wg
2459856.430063_Tautenburg___705-3182kHz___0.0-33.0s___wg.wav.pt,wg
2460010.639381_Tautenburg___584-5537kHz___10-43.5s___h..wav.pt,h
2459856.430063_Tautenburg___705-3182kHz___33.0-66.0s___wg.wav.pt,wg
2459856.430063_Tautenburg___705-3182kHz___33.0-60.0s___wg.wav.pt,wg
2460172.397993_Tautenburg___484-3987kHz___0.0-33.4s___h.wav.pt,h
2460172.397993_Tautenburg___484-3987kHz___33.4-66.8s___h.wav.pt,h
2459856.430063_Tautenburg___705-3182kHz___33.0-55.0s___wg.wav.pt,wg
2460199.587397_Tautenburg___1-8573kHz___0.0-32.4s___to.wav.pt,to
2460199.587397_Tautenburg___1-8573kHz___16.0-32.4s___to.wav.pt,to
2460205.455219_Tautenburg___201-6805kHz___10-43s___to.wav.pt,to
2459630.339920_Tautenburg___1239-5267kHz___44.0-52s___gr.wav.pt,gr
2460234.394955_Tautenburg___141-3383kHz___10-19s___eo.wav.pt,eo
2459864.432417_Tautenburg___604-3362kHz___0.0-50.4s___h.wav.pt,h
2459864.432417_Tautenburg___604-3362kHz___50.4-100.7s___h.wav.pt,h
2459864.432417_Tautenburg___604-3362kHz___100.7-111s___h.wav.pt,h
2459864.432417_Tautenburg___604-3362kHz___100.7-151.1s___h.wav.pt,h
2460380.488585_Tautenburg___2054-4309kHz___10-59.3s___wa.wav.pt,wa
2460213.299703_Tautenburg___282-7188kHz___41.0-57s___h..wav.pt,h
2460216.241428_Tautenburg___142-1813kHz___43.0-54s___eo.wav.pt,eo
2460213.299703_Tautenburg___282-7188kHz___40-57s___h..wav.pt,h
2460250.723824_Tautenburg___1933-5074kHz___34.8-44s___ch.wav.pt,ch
2460380.488585_Tautenburg___2054-4309kHz___40-51s___wa.wav.pt,wa
2460216.241428_Tautenburg___142-1813kHz___0.0-51.4s___eo.wav.pt,eo
2460213.299703_Tautenburg___282-7188kHz___10-59.7s___h..wav.pt,h
2460250.723824_Tautenburg___1933-5074kHz___62.4-84.7s___ch.wav.pt,ch
2460250.723824_Tautenburg___1933-5074kHz___42.4-84.7s___ch.wav.pt,ch
2460250.723824_Tautenburg___1933-5074kHz___34.0-44s___ch.wav.pt,ch
2460250.723824_Tautenburg___1933-5074kHz___1.0-14.4s___ch.wav.pt,ch
2460250.723824_Tautenburg___1933-5074kHz___0.0-42.4s___ch.wav.pt,ch
2460250.723824_Tautenburg___1933-5074kHz___10.0-22.4s___ch.wav.pt,ch
2460250.723824_Tautenburg___1933-5074kHz___49-81s___ch.wav.pt,ch
2460250.723824_Tautenburg___1933-5074kHz___42.4-53s___ch.wav.pt,ch
2459853.301085_Tautenburg___544-4893kHz___32.0-44s___h.wav.pt,h
2460250.723824_Tautenburg___1933-5074kHz___56.4-80.7s___ch.wav.pt,ch
2459853.301085_Tautenburg___544-4893kHz___0.0-42.4s___h.wav.pt,h
2459853.301085_Tautenburg___544-4893kHz___21.0-40.4s___h.wav.pt,h
2460250.723824_Tautenburg___1933-5074kHz___44-87s___ch.wav.pt,ch
2459853.301085_Tautenburg___544-4893kHz___42.4-84.7s___h.wav.pt,h
2459853.301085_Tautenburg___544-4893kHz___84.7-121s___h.wav.pt,h
2459853.301085_Tautenburg___544-4893kHz___84.7-111s___h.wav.pt,h
2459853.301085_Tautenburg___544-4893kHz___84.7-127.1s___h.wav.pt,h
2459853.301085_Tautenburg___544-4893kHz___44-84s___h.wav.pt,h
2460234.394955_Tautenburg___141-3383kHz___10-51.9s___eo.wav.pt,eo
2459853.301085_Tautenburg___544-4893kHz___44-87s___h.wav.pt,h
2459896.465733_Tautenburg___684-2718kHz___84.5-126.7s___h.wav.pt,h
2459843.308130_Tautenburg___524-3645kHz___82.7-124.0s___h.wav.pt,h
2460011.274111_Tautenburg___557-3451kHz___71.0-81s___kr.wav.pt,kr
2459843.308130_Tautenburg___524-3645kHz___41.3-82.7s___h.wav.pt,h
2459843.308130_Tautenburg___524-3645kHz___0.0-41.3s___h.wav.pt,h
2460216.241428_Tautenburg___142-1813kHz___104-108s___eo.wav.pt,eo
2459815.335147_Tautenburg___303-5598kHz___10-60.8s___h..wav.pt,h
2459843.295785_Tautenburg___484-3987kHz___0.0-41.5s___h.wav.pt,h
2460011.274111_Tautenburg___557-3451kHz___41.0-82.1s___kr.wav.pt,kr
2459843.295785_Tautenburg___484-3987kHz___41.5-82.9s___h.wav.pt,h
2459815.335147_Tautenburg___303-5598kHz___60-68s___h..wav.pt,h
2460011.274111_Tautenburg___557-3451kHz___0.0-41.0s___kr.wav.pt,kr
2459813.279930_Tautenburg___5134-8456kHz___10-63.3s___b..wav.pt,b
2459684.426099_Tautenburg___483-3825kHz___10-52.2s___h..wav.pt,h
2459896.465733_Tautenburg___684-2718kHz___42.2-84.5s___h.wav.pt,h
2459684.426099_Tautenburg___483-3825kHz___10-42s___h..wav.pt,h
2459896.465733_Tautenburg___684-2718kHz___0.0-42.2s___h.wav.pt,h
2460216.241428_Tautenburg___142-1813kHz___51.4-102.8s___eo.wav.pt,eo
2460250.726788_Tautenburg___1933-5295kHz___10-32.1s___ch.wav.pt,ch
2459813.279930_Tautenburg___5134-8456kHz___10-43s___b..wav.pt,b
2460250.726788_Tautenburg___1933-5295kHz___10-44.1s___ch.wav.pt,ch
2460250.726788_Tautenburg___1933-5295kHz___10-65.1s___ch.wav.pt,ch
2460250.726788_Tautenburg___1933-5295kHz___10-41s___ch.wav.pt,ch
2460202.502675_Tautenburg___463-8195kHz___10-44.9s___to.wav.pt,to
2460375.359130_Tautenburg___423-3806kHz___47.4-94.7s___kr.wav.pt,kr
2460211.263516_Tautenburg___504-10853kHz___35-45s___to.wav.pt,to
2460236.288308_Tautenburg___403-7088kHz___0.0-35.2s___to.wav.pt,to
2460236.288308_Tautenburg___403-7088kHz___35.2-70.4s___to.wav.pt,to
2460375.359130_Tautenburg___423-3806kHz___0.0-47.4s___kr.wav.pt,kr
2460375.359130_Tautenburg___423-3806kHz___6.0-34s___kr.wav.pt,kr
2460375.359130_Tautenburg___423-3806kHz___0.0-14s___kr.wav.pt,kr
2460375.359130_Tautenburg___423-3806kHz___87.4-97s___kr.wav.pt,kr
2460202.502675_Tautenburg___463-8195kHz___19.0-41.9s___to.wav.pt,to
2460202.502675_Tautenburg___463-8195kHz___10-19s___to.wav.pt,to
2460202.502675_Tautenburg___463-8195kHz___35.0-44s___to.wav.pt,to
2460367.559484_Tautenburg___423-2839kHz___47.6-95.3s___kr.wav.pt,kr
2460367.559484_Tautenburg___423-2839kHz___41.0-46s___kr.wav.pt,kr
2460367.559484_Tautenburg___423-2839kHz___47.6-53s___kr.wav.pt,kr
2460367.559484_Tautenburg___423-2839kHz___0.0-47.6s___kr.wav.pt,kr
2460367.559484_Tautenburg___423-2839kHz___46-93s___kr.wav.pt,kr
2460375.359130_Tautenburg___423-3806kHz___30.0-44s___kr.wav.pt,kr
2460202.502675_Tautenburg___463-8195kHz___40-49s___to.wav.pt,to
2460236.288308_Tautenburg___403-7088kHz___14.0-32s___to.wav.pt,to
2460211.263516_Tautenburg___504-10853kHz___10-45s___to.wav.pt,to
2460367.559484_Tautenburg___423-2839kHz___35.0-46s___kr.wav.pt,kr
2459843.332516_Tautenburg___746-4853kHz___0.0-46.1s___h.wav.pt,h
2459843.332516_Tautenburg___746-4853kHz___46.1-92.2s___h.wav.pt,h
2460226.260683_Tautenburg___443-5617kHz___0.0-47.4s___h.wav.pt,h
2459859.242804_Tautenburg___483-2617kHz___22.0-41s___gj.wav.pt,gj
2459859.242804_Tautenburg___483-2617kHz___45-89s___gj.wav.pt,gj
2459859.242804_Tautenburg___483-2617kHz___0.0-44.5s___gj.wav.pt,gj
2459859.242804_Tautenburg___483-2617kHz___44.5-88.9s___gj.wav.pt,gj
2459998.308978_Tautenburg___504-9564kHz___47.0-55s___co.wav.pt,co
2459854.329891_Tautenburg___806-5980kHz___10-35s___h..wav.pt,h
2459864.504982_Tautenburg___403-3544kHz___0.0-44.0s___h.wav.pt,h
2459854.329891_Tautenburg___806-5980kHz___10-55s___h..wav.pt,h
2459998.308978_Tautenburg___504-9564kHz___10-55.7s___co.wav.pt,co
2459864.504982_Tautenburg___403-3544kHz___44.0-88.1s___h.wav.pt,h
2460371.522622_Tautenburg___182-9383kHz___10-55.6s___co.wav.pt,co
2460373.488587_Tautenburg___443-5658kHz___10-57.8s___co.wav.pt,co
2460373.488587_Tautenburg___443-5658kHz___55.0-58s___co.wav.pt,co
2460371.522622_Tautenburg___182-9383kHz___10-26s___co.wav.pt,co
2460226.260683_Tautenburg___443-5617kHz___47.4-94.7s___h.wav.pt,h
2460373.488587_Tautenburg___443-5658kHz___32.0-48s___co.wav.pt,co
2459998.308978_Tautenburg___504-9564kHz___40-47s___co.wav.pt,co
2460373.488587_Tautenburg___443-5658kHz___35.0-48s___co.wav.pt,co
2459864.232912_Tautenburg___705-3242kHz___10-59.2s___wg.wav.pt,wg
2459864.232912_Tautenburg___705-3242kHz___24.0-32s___wg.wav.pt,wg
2459864.232912_Tautenburg___705-3242kHz___40-52s___wg.wav.pt,wg
2459864.232912_Tautenburg___705-3242kHz___10-22s___wg.wav.pt,wg
2460008.284150_Tautenburg___544-3927kHz___10-58.3s___h..wav.pt,h
2460025.462103_Tautenburg___463-3745kHz___10-52.9s___h..wav.pt,h
2460260.740245_Tautenburg___5517-9262kHz___6.0-11s___b..wav.pt,b
2459864.232912_Tautenburg___705-3242kHz___50-59s___wg.wav.pt,wg
2460260.740245_Tautenburg___5517-9262kHz___10-53.1s___b..wav.pt,b
2460197.321149_Tautenburg___504-3283kHz___10.5-17s___h..wav.pt,h
2460260.740245_Tautenburg___5517-9262kHz___10-13.1s___b..wav.pt,b
2460037.380248_Tautenburg___644-6664kHz___41.0-51s___mh.wav.pt,mh
2460197.321149_Tautenburg___504-3283kHz___1.0-7.9s___h..wav.pt,h
2460197.321149_Tautenburg___504-3283kHz___10-52.7s___h..wav.pt,h
2460037.380248_Tautenburg___644-6664kHz___10-52.7s___mh.wav.pt,mh
2459630.339920_Tautenburg___1239-5267kHz___40-47s___gr.wav.pt,gr
2459630.339920_Tautenburg___1239-5267kHz___30-38.7s___gr.wav.pt,gr
2459630.339920_Tautenburg___1239-5267kHz___10-52.7s___gr.wav.pt,gr
2460197.321149_Tautenburg___504-3283kHz___30-35.7s___h..wav.pt,h
2459630.339920_Tautenburg___1239-5267kHz___23.0-34.7s___gr.wav.pt,gr
2459630.339920_Tautenburg___1239-5267kHz___50-57s___gr.wav.pt,gr
2460197.321149_Tautenburg___504-3283kHz___30-43.7s___h..wav.pt,h
2459630.339920_Tautenburg___1239-5267kHz___10-17s___gr.wav.pt,gr
2460250.724592_Tautenburg___5537-9181kHz___10-11.3s___b..wav.pt,b
2460254.731277_Tautenburg___5537-10087kHz___10-11.9s___b..wav.pt,b
2460251.598545_Tautenburg___524-3846kHz___10-18.8s___to.wav.pt,to
2460252.736717_Tautenburg___5779-9484kHz___10-11.5s___b..wav.pt,b
2460250.724751_Tautenburg___5256-9001kHz___10-11.3s___b..wav.pt,b
2460252.631548_Tautenburg___443-8638kHz___10-19.4s___to.wav.pt,to
2460254.158695_Tautenburg___5839-9222kHz___10-11.4s___b..wav.pt,b
2460253.731877_Tautenburg___6081-8698kHz___10-11.3s___b..wav.pt,b
2460248.725204_Tautenburg___6383-8799kHz___10-11.3s___b..wav.pt,b
2460252.736534_Tautenburg___5517-9483kHz___10-11.6s___b..wav.pt,b
2460251.619849_Tautenburg___705-9061kHz___10-18.4s___to.wav.pt,to
2460254.735118_Tautenburg___5819-8598kHz___10-11.8s___b..wav.pt,b
2460252.735647_Tautenburg___6121-8980kHz___10-11.6s___b..wav.pt,b
2460250.727274_Tautenburg___6221-8577kHz___10-11.1s___b..wav.pt,b
2460255.165728_Tautenburg___5678-8537kHz___10-11.6s___b..wav.pt,b
2460255.166282_Tautenburg___6141-9181kHz___10-11.4s___b..wav.pt,b
2460252.736986_Tautenburg___5758-9624kHz___10-12.5s___b..wav.pt,b
2460253.156774_Tautenburg___5678-10047kHz___10-20.6s___b..wav.pt,b
2460254.735440_Tautenburg___6464-9645kHz___10-11.5s___b..wav.pt,b
2460251.730708_Tautenburg___4209-9162kHz___10-12.4s___b..wav.pt,b
2460251.611324_Tautenburg___483-8517kHz___10-18.7s___to.wav.pt,to
2460250.698746_Tautenburg___2013-6785kHz___10-11.7s___s..wav.pt,s
2460250.718047_Tautenburg___2054-6926kHz___10-16s___s..wav.pt,s
2460250.506933_Tautenburg___1853-6162kHz___10-11.7s___s..wav.pt,s
2460250.701918_Tautenburg___1873-6121kHz___10-11.9s___s..wav.pt,s
2460249.728675_Tautenburg___5577-9423kHz___10-11.9s___b..wav.pt,b
2460248.725011_Tautenburg___6423-8779kHz___10-11.5s___b..wav.pt,b
2460247.728148_Tautenburg___5899-8939kHz___10-12s___b..wav.pt,b
2460248.724920_Tautenburg___5577-9825kHz___10-11.3s___b..wav.pt,b
2460247.727966_Tautenburg___5638-8638kHz___10-18.8s___b..wav.pt,b
2460250.713841_Tautenburg___5981-9202kHz___10-11.6s___b..wav.pt,b
2460250.484756_Tautenburg___5436-8476kHz___10-11.1s___b..wav.pt,b
2460244.727486_Tautenburg___4933-10631kHz___10-13.2s___b..wav.pt,b
2460247.727305_Tautenburg___5699-9464kHz___10-17s___b..wav.pt,b
2460241.275354_Tautenburg___5195-9524kHz___10-11.7s___b..wav.pt,b
2460243.726444_Tautenburg___5678-8738kHz___10-11.1s___b..wav.pt,b
2460244.345574_Tautenburg___202-3061kHz___10-14.3s___eo.wav.pt,eo
2460239.333090_Tautenburg___6000-8799kHz___10-11s___b..wav.pt,b
2460242.709634_Tautenburg___5477-9282kHz___10-11.8s___b..wav.pt,b
2460241.648271_Tautenburg___745-9685kHz___10-14.2s___to.wav.pt,to
2460243.726486_Tautenburg___6202-9121kHz___10-11.5s___b..wav.pt,b
2460242.709804_Tautenburg___5034-8779kHz___10-12s___b..wav.pt,b
2460241.481496_Tautenburg___5456-9926kHz___10-11.8s___r..wav.pt,r
2460240.701955_Tautenburg___5618-9041kHz___10-11.5s___b..wav.pt,b
2460237.708085_Tautenburg___4913-8900kHz___10-11.7s___b..wav.pt,b
2460236.201921_Tautenburg___6101-9967kHz___10-12.1s___b..wav.pt,b
2460235.621692_Tautenburg___1711-7047kHz___10-12.6s___s..wav.pt,s
2460237.720804_Tautenburg___5638-9061kHz___10-12.6s___b..wav.pt,b
2460235.630758_Tautenburg___5739-8920kHz___10-11.7s___b..wav.pt,b
2460239.719388_Tautenburg___202-2417kHz___10-12.3s___eo.wav.pt,eo
2460237.182026_Tautenburg___6242-10208kHz___10-11.5s___b..wav.pt,b
2460235.700524_Tautenburg___1550-6342kHz___10-11.8s___s..wav.pt,s
2460237.701032_Tautenburg___5457-9202kHz___10-11.2s___b..wav.pt,b
2460232.544117_Tautenburg___906-10450kHz___10-17.6s___to.wav.pt,to
2460236.488563_Tautenburg___5598-9303kHz___10-12s___b..wav.pt,b
2460237.183446_Tautenburg___6343-10108kHz___10-15.3s___b..wav.pt,b
2460233.492641_Tautenburg___1833-7148kHz___10-13.1s___s..wav.pt,s
2460234.705584_Tautenburg___1933-4369kHz___10-19s___ch.wav.pt,ch
2460234.701530_Tautenburg___2236-5759kHz___10-11.7s___s..wav.pt,s
2460237.720702_Tautenburg___5658-8799kHz___10-11.3s___b..wav.pt,b
2460225.261082_Tautenburg___564-10450kHz___10-15s___to.wav.pt,to
2460233.439801_Tautenburg___584-11154kHz___10-14.6s___to.wav.pt,to
2460233.195397_Tautenburg___6262-9363kHz___10-11.2s___b..wav.pt,b
2460234.696399_Tautenburg___5538-8417kHz___10-12.1s___b..wav.pt,b
2460234.692638_Tautenburg___101-2477kHz___10-19.9s___eo.wav.pt,eo
2460233.446131_Tautenburg___2799-7289kHz___10-11.8s___s..wav.pt,s
2460234.415101_Tautenburg___5295-8557kHz___10-12.4s___b..wav.pt,b
2460226.390889_Tautenburg___423-7651kHz___10-13.7s___h..wav.pt,h
2460224.704465_Tautenburg___5034-9141kHz___10-11.9s___b..wav.pt,b
2460226.548246_Tautenburg___866-7913kHz___10-19.6s___to.wav.pt,to
2460230.465413_Tautenburg___5738-9302kHz___10-11.9s___b..wav.pt,b
2460218.384362_Tautenburg___3967-8034kHz___10-11.6s___tp.wav.pt,tp
2460222.336544_Tautenburg___543-6503kHz___10-16.4s___to.wav.pt,to
2460216.690016_Tautenburg___5235-10007kHz___10-11.6s___b..wav.pt,b
2460213.644272_Tautenburg___483-6866kHz___10-13.3s___to.wav.pt,to
2460214.319267_Tautenburg___684-5416kHz___10-19.5s___to.wav.pt,to
2460222.258432_Tautenburg___222-4732kHz___10-13.6s___co.wav.pt,co
2460214.277886_Tautenburg___282-3000kHz___10-19.8s___to.wav.pt,to
2460208.644368_Tautenburg___503-5335kHz___10-23.5s___to.wav.pt,to
2460208.644368_Tautenburg___503-5335kHz___10-45s___to.wav.pt,to
2460208.644368_Tautenburg___503-5335kHz___30-35s___to.wav.pt,to
2460259.168509_Tautenburg___6402-9040kHz___10-11.3s___b..wav.pt,b
2460257.746006_Tautenburg___5396-8980kHz___10-11.7s___b..wav.pt,b
2460259.165614_Tautenburg___6826-9403kHz___10-13.5s___b..wav.pt,b
2460257.747102_Tautenburg___5396-9242kHz___10-11.7s___b..wav.pt,b
2460261.159745_Tautenburg___5477-8376kHz___10-11.4s___b..wav.pt,b
2460260.738705_Tautenburg___5658-9121kHz___10-14.4s___b..wav.pt,b
2460256.739939_Tautenburg___6061-9786kHz___10-12s___b..wav.pt,b
2460260.685789_Tautenburg___584-8074kHz___10-15.8s___to.wav.pt,to
2460256.742077_Tautenburg___6484-9705kHz___10-11.9s___b..wav.pt,b
2460257.171944_Tautenburg___6443-9685kHz___10-13.6s___b..wav.pt,b
2460256.506062_Tautenburg___5899-9181kHz___10-11.6s___b..wav.pt,b
2460259.738442_Tautenburg___6040-8798kHz___10-10.9s___b..wav.pt,b
2460259.165700_Tautenburg___5738-9966kHz___10-11.4s___b..wav.pt,b
2460257.171412_Tautenburg___5799-10208kHz___10-14.8s___b..wav.pt,b
2460259.162726_Tautenburg___6041-9262kHz___10-11.6s___b..wav.pt,b
2460257.172443_Tautenburg___5678-9423kHz___10-15.7s___b..wav.pt,b
2460257.746112_Tautenburg___5678-9322kHz___10-11.5s___b..wav.pt,b
2460257.738236_Tautenburg___5658-9322kHz___10-13.8s___b..wav.pt,b
2460256.160602_Tautenburg___6464-9927kHz___10-11.5s___b..wav.pt,b
2460256.160867_Tautenburg___6423-9423kHz___10-11.6s___b..wav.pt,b
2460260.709270_Tautenburg___745-9886kHz___10-14.3s___to.wav.pt,to
2460258.741162_Tautenburg___5537-9483kHz___10-12.1s___b..wav.pt,b
2460251.621687_Tautenburg___543-9201kHz___10-18.1s___to.wav.pt,to
2460252.736890_Tautenburg___6021-9202kHz___10-12s___b..wav.pt,b
2460251.729497_Tautenburg___5919-9483kHz___10-11.3s___b..wav.pt,b
2460251.731913_Tautenburg___5134-9604kHz___10-12.8s___b..wav.pt,b
2460253.163300_Tautenburg___5799-10148kHz___10-16.9s___b..wav.pt,b
2460254.160952_Tautenburg___5960-9443kHz___10-11.3s___b..wav.pt,b
2460252.736828_Tautenburg___5114-9684kHz___10-12.8s___b..wav.pt,b
2460254.158723_Tautenburg___6041-8638kHz___10-12.3s___b..wav.pt,b
2460252.736579_Tautenburg___5517-9685kHz___10-12.5s___b..wav.pt,b
2460250.727859_Tautenburg___6121-9202kHz___10-11.4s___b..wav.pt,b
2460255.165553_Tautenburg___6443-10107kHz___10-11.4s___b..wav.pt,b
2460250.726295_Tautenburg___5618-8397kHz___10-13.1s___b..wav.pt,b
2460255.161638_Tautenburg___5517-9161kHz___10-11.1s___b..wav.pt,b
2460253.157120_Tautenburg___6503-10127kHz___10-11.6s___b..wav.pt,b
2460253.732696_Tautenburg___5698-9060kHz___10-11.5s___b..wav.pt,b
2460251.729965_Tautenburg___5095-9464kHz___10-15.7s___b..wav.pt,b
2460251.530387_Tautenburg___4933-8215kHz___10-12.7s___b..wav.pt,b
2460250.728989_Tautenburg___5436-9100kHz___10-11.9s___b..wav.pt,b
2460250.726310_Tautenburg___5497-8859kHz___10-14.4s___b..wav.pt,b
2460269.600026_Tautenburg___443-11074kHz___10-19.2s___to.wav.pt,to
2460269.749204_Tautenburg___6161-9503kHz___10-11.5s___b..wav.pt,b
2460269.162605_Tautenburg___5678-9383kHz___10-11.2s___b..wav.pt,b
2460269.162329_Tautenburg___5457-9202kHz___10-11.1s___b..wav.pt,b
2460266.163057_Tautenburg___5577-9483kHz___10-11.5s___b..wav.pt,b
2460268.757448_Tautenburg___5537-10490kHz___10-15.6s___b..wav.pt,b
2460269.163312_Tautenburg___5678-9262kHz___10-11.6s___b..wav.pt,b
2460266.412298_Tautenburg___645-5356kHz___10-12.1s___gj.wav.pt,gj
2460267.749246_Tautenburg___5417-9222kHz___10-11.7s___b..wav.pt,b
2460269.163700_Tautenburg___5819-9806kHz___10-11.7s___b..wav.pt,b
2460264.160407_Tautenburg___4752-9645kHz___10-11.7s___b..wav.pt,b
2460261.677709_Tautenburg___5517-9101kHz___10-11.1s___r..wav.pt,r
2460267.753752_Tautenburg___6040-8194kHz___10-11.4s___b..wav.pt,b
2460269.157102_Tautenburg___5779-9745kHz___10-12.6s___b..wav.pt,b
2460266.745566_Tautenburg___5175-9705kHz___10-12.2s___b..wav.pt,b
2460256.739879_Tautenburg___5215-9765kHz___10-15.4s___b..wav.pt,b
2460260.592876_Tautenburg___665-7652kHz___10-18.7s___to.wav.pt,to
2460257.747257_Tautenburg___5618-9423kHz___10-11.2s___b..wav.pt,b
2460269.156934_Tautenburg___6020-10188kHz___10-11.7s___b..wav.pt,b
2460262.745995_Tautenburg___6323-9544kHz___10-11.6s___b..wav.pt,b
2460258.741749_Tautenburg___5094-9524kHz___10-17.1s___b..wav.pt,b
2460259.170283_Tautenburg___5416-9564kHz___10-11.7s___b..wav.pt,b
2460267.752109_Tautenburg___6000-9322kHz___10-11.5s___b..wav.pt,b
2460257.172061_Tautenburg___5980-9463kHz___10-11.5s___b..wav.pt,b
2460257.736347_Tautenburg___5980-9665kHz___10-12.2s___b..wav.pt,b
2460257.166998_Tautenburg___5356-9061kHz___10-11.9s___b..wav.pt,b
2460257.171136_Tautenburg___5859-9201kHz___10-11s___b..wav.pt,b
2460257.172186_Tautenburg___6061-9403kHz___10-11.9s___b..wav.pt,b
2460257.746172_Tautenburg___5215-9000kHz___10-13.8s___b..wav.pt,b
2460259.170173_Tautenburg___5880-9605kHz___10-13.4s___b..wav.pt,b
2460260.156991_Tautenburg___6363-9544kHz___10-11.7s___b..wav.pt,b
2460257.741641_Tautenburg___5538-8115kHz___10-11.7s___b..wav.pt,b
2460256.740067_Tautenburg___5577-8597kHz___10-10.9s___b..wav.pt,b
2460260.737467_Tautenburg___5094-8920kHz___10-11.7s___b..wav.pt,b
2460261.159896_Tautenburg___6080-8154kHz___10-11.1s___b..wav.pt,b
2460267.759377_Tautenburg___5597-8859kHz___10-11.3s___b..wav.pt,b
2460264.749341_Tautenburg___5819-10108kHz___10-12.8s___b..wav.pt,b
2460262.745252_Tautenburg___6323-9182kHz___10-11.1s___b..wav.pt,b
2460267.751780_Tautenburg___6423-8799kHz___10-11.3s___b..wav.pt,b
2460264.156850_Tautenburg___6101-9584kHz___10-11.5s___b..wav.pt,b
2460265.379582_Tautenburg___544-4551kHz___10-13.7s___l..wav.pt,l
2460268.758545_Tautenburg___6040-9060kHz___10-11.5s___b..wav.pt,b
2460264.156397_Tautenburg___5376-9443kHz___10-14s___b..wav.pt,b
2460269.157442_Tautenburg___5115-9444kHz___10-15.4s___b..wav.pt,b
2460269.157803_Tautenburg___5698-9584kHz___10-11.9s___b..wav.pt,b
2460269.162006_Tautenburg___5819-8900kHz___10-12.1s___b..wav.pt,b
2460266.745086_Tautenburg___5215-9685kHz___10-11.4s___b..wav.pt,b
2460268.756696_Tautenburg___5638-9121kHz___10-11.8s___b..wav.pt,b
2460269.163068_Tautenburg___5637-9805kHz___10-11.4s___b..wav.pt,b
2460264.750964_Tautenburg___5537-8396kHz___10-11.5s___b..wav.pt,b
2460269.756235_Tautenburg___5637-8577kHz___10-11.3s___b..wav.pt,b
2460269.157266_Tautenburg___5920-8739kHz___10-11.5s___b..wav.pt,b
2460269.163174_Tautenburg___5275-9141kHz___10-11.8s___b..wav.pt,b
2460267.750222_Tautenburg___5879-9201kHz___10-11.7s___b..wav.pt,b
2460267.752656_Tautenburg___6000-8960kHz___10-11.7s___b..wav.pt,b
2460267.749048_Tautenburg___5940-9463kHz___10-11.6s___b..wav.pt,b
2460267.758776_Tautenburg___6262-8698kHz___10-11.2s___b..wav.pt,b
2460269.162226_Tautenburg___5618-9423kHz___10-11.7s___b..wav.pt,b
2460268.757609_Tautenburg___5134-10248kHz___10-12.2s___b..wav.pt,b
2460264.160323_Tautenburg___5980-9524kHz___10-11s___b..wav.pt,b
2460269.163249_Tautenburg___5135-9766kHz___10-11.5s___b..wav.pt,b
2460265.750411_Tautenburg___5517-9705kHz___10-16.2s___b..wav.pt,b
2460266.357340_Tautenburg___201-9543kHz___10-17.8s___to.wav.pt,to
2460264.156706_Tautenburg___6020-8758kHz___10-11.6s___b..wav.pt,b
2460264.749820_Tautenburg___6041-8578kHz___10-11.4s___b..wav.pt,b
2460268.758992_Tautenburg___4953-9383kHz___10-11.7s___b..wav.pt,b
2460267.758929_Tautenburg___5295-8899kHz___10-11.5s___b..wav.pt,b
2460266.746202_Tautenburg___5980-9806kHz___10-11.5s___b..wav.pt,b
2460264.744326_Tautenburg___5316-8135kHz___10-11.4s___b..wav.pt,b
2460269.162185_Tautenburg___5195-10168kHz___10-14.3s___b..wav.pt,b
2460264.744380_Tautenburg___6020-9342kHz___10-11.4s___b..wav.pt,b
2460264.157795_Tautenburg___6584-8819kHz___10-10.9s___b..wav.pt,b
2460265.379436_Tautenburg___665-4390kHz___10-14s___l..wav.pt,l
2460269.162451_Tautenburg___5557-9403kHz___10-11.5s___b..wav.pt,b
2460262.745851_Tautenburg___5758-9080kHz___10-11.6s___b..wav.pt,b
2460264.750651_Tautenburg___5658-8839kHz___10-11.3s___b..wav.pt,b
2460269.162536_Tautenburg___5899-9201kHz___10-12.5s___b..wav.pt,b
2460273.753014_Tautenburg___5155-9101kHz___10-11.4s___b..wav.pt,b
2460273.754450_Tautenburg___4752-9302kHz___10-13.5s___b..wav.pt,b
2460273.753990_Tautenburg___4711-8597kHz___10-11.5s___b..wav.pt,b
2460369.538343_Tautenburg___1712-3383kHz___10-16.3s___bf.wav.pt,bf
2460376.719909_Tautenburg___5880-9383kHz___10-11.4s___b..wav.pt,b
2460273.754547_Tautenburg___4571-8880kHz___10-14.4s___b..wav.pt,b
2460274.756239_Tautenburg___5920-8537kHz___10-11.1s___b..wav.pt,b
2460366.448640_Tautenburg___302-3362kHz___10-14.2s___co.wav.pt,co
2460274.756599_Tautenburg___5598-8457kHz___10-11.6s___b..wav.pt,b
2460370.228644_Tautenburg___242-3021kHz___10-18.7s___to.wav.pt,to
2460379.686736_Tautenburg___1188-3584kHz___10-13.7s___bf.wav.pt,bf
2460271.759936_Tautenburg___5255-8879kHz___10-11.3s___b..wav.pt,b
2460373.701798_Tautenburg___5758-9060kHz___10-11.5s___b..wav.pt,b
2460275.756660_Tautenburg___5799-9866kHz___10-11.5s___b..wav.pt,b
2460369.302320_Tautenburg___262-3705kHz___10-14.6s___co.wav.pt,co
2460370.432180_Tautenburg___564-3061kHz___10-15.3s___co.wav.pt,co
2460375.402828_Tautenburg___644-2980kHz___10-14.9s___co.wav.pt,co
2460361.322020_Tautenburg___423-4067kHz___10-20.4s___co.wav.pt,co
2460379.459988_Tautenburg___403-4873kHz___10-12.7s___co.wav.pt,co
2460271.759763_Tautenburg___5759-9121kHz___10-11.7s___b..wav.pt,b
2460368.722585_Tautenburg___6423-9665kHz___10-11.2s___b..wav.pt,b
2460364.530136_Tautenburg___222-1833kHz___10-19.3s___eo.wav.pt,eo
2460274.301018_Tautenburg___484-8779kHz___10-16.1s___to.wav.pt,to
2460370.502989_Tautenburg___504-2981kHz___10-15.2s___co.wav.pt,co
2460370.540758_Tautenburg___503-2879kHz___10-17.1s___bh.wav.pt,bh
2460362.405170_Tautenburg___362-5094kHz___10-13.8s___co.wav.pt,co
2460380.332977_Tautenburg___443-3826kHz___10-17.7s___co.wav.pt,co
2460273.755769_Tautenburg___5336-9725kHz___10-11.4s___b..wav.pt,b
2460271.760150_Tautenburg___5175-8839kHz___10-11.3s___b..wav.pt,b
2460373.461671_Tautenburg___463-3221kHz___10-18.1s___gn.wav.pt,gn
2460367.266748_Tautenburg___826-5658kHz___10-12.4s___co.wav.pt,co
2460273.756731_Tautenburg___5417-9786kHz___10-11.8s___b..wav.pt,b
2460274.755829_Tautenburg___6081-8517kHz___10-11.5s___b..wav.pt,b
2460273.755147_Tautenburg___5295-8859kHz___10-18.4s___b..wav.pt,b
2460379.253462_Tautenburg___302-4228kHz___10-16.3s___co.wav.pt,co
2460378.552284_Tautenburg___866-7128kHz___10-12.4s___wa.wav.pt,wa
2460269.162949_Tautenburg___5235-8980kHz___10-11.8s___b..wav.pt,b
2460265.740582_Tautenburg___6061-8940kHz___10-10.9s___b..wav.pt,b
2460273.755132_Tautenburg___6785-10087kHz___10-11.6s___b..wav.pt,b
2460269.163431_Tautenburg___5456-8758kHz___10-11.6s___b..wav.pt,b
2460264.156480_Tautenburg___5879-8517kHz___10-11.5s___b..wav.pt,b
2460390.347577_Tautenburg___375-5464kHz___10-12.8s___ma.wav.pt,ma
2460419.380338_Tautenburg___564-2718kHz___10-13.6s___to.wav.pt,to
2460421.338590_Tautenburg___242-5920kHz___10-15.3s___mh.wav.pt,mh
2460414.474978_Tautenburg___504-3383kHz___10-11.4s___mh.wav.pt,mh
2460401.468651_Tautenburg___1722-4067kHz___10-15.4s___wa.wav.pt,wa
2460401.476782_Tautenburg___125-898kHz___10-14.9s___eo.wav.pt,eo
2460400.654990_Tautenburg___474-2644kHz___10-17.6s___to.wav.pt,to
2460405.500819_Tautenburg___383-3383kHz___10-12s___mh.wav.pt,mh
2460403.350967_Tautenburg___649-2844kHz___10-12.1s___mh.wav.pt,mh
2460399.422419_Tautenburg___1247-6237kHz___10-13.9s___to.wav.pt,to
2460392.402295_Tautenburg___1796-3692kHz___10-16.4s___t..wav.pt,t
2460399.434608_Tautenburg___599-4216kHz___10-13.3s___co.wav.pt,co
2460381.347906_Tautenburg___362-2698kHz___10-18.9s___co.wav.pt,co
2460400.520250_Tautenburg___2545-5364kHz___10-12s___wa.wav.pt,wa
2460400.447770_Tautenburg___549-2520kHz___10-13.4s___to.wav.pt,to
2460404.569335_Tautenburg___1974-4813kHz___10-19.5s___to.wav.pt,to
2460399.459932_Tautenburg___674-3393kHz___10-15.1s___mh.wav.pt,mh
2460381.649371_Tautenburg___182-1531kHz___10-12.5s___eo.wav.pt,eo
2460409.289680_Tautenburg___524-4128kHz___10-18.7s___co.wav.pt,co
2460404.321822_Tautenburg___262-5356kHz___10-17.7s___mh.wav.pt,mh
2460412.380254_Tautenburg___685-9383kHz___10-20s___to.wav.pt,to
2460406.509638_Tautenburg___383-2658kHz___10-19.8s___to.wav.pt,to
2460392.402274_Tautenburg___1596-3742kHz___10-14.6s___t..wav.pt,t
2460399.467405_Tautenburg___873-4765kHz___10-13.3s___co.wav.pt,co
2460409.393701_Tautenburg___725-5940kHz___10-16s___to.wav.pt,to
2460384.402067_Tautenburg___724-6287kHz___10-11.1s___h..wav.pt,h
2460410.627275_Tautenburg___463-4067kHz___10-12.4s___h..wav.pt,h
2460381.681792_Tautenburg___161-2376kHz___10-20.9s___eo.wav.pt,eo
2460400.466583_Tautenburg___1272-4540kHz___10-13s___wa.wav.pt,wa
2460273.755441_Tautenburg___5617-10087kHz___10-14.9s___b..wav.pt,b
2460409.403532_Tautenburg___5577-9121kHz___10-11.8s___r..wav.pt,r
2460382.334181_Tautenburg___450-5789kHz___10-11.9s___h..wav.pt,h
2460371.564457_Tautenburg___363-3746kHz___10-15.1s___co.wav.pt,co
2460384.458230_Tautenburg___2021-5663kHz___10-14.5s___co.wav.pt,co
2460397.437827_Tautenburg___524-5439kHz___10-15.5s___co.wav.pt,co
2460364.368271_Tautenburg___625-7934kHz___10-17.5s___ma.wav.pt,ma
2460197.321207_Tautenburg___484-3665kHz___17-23.5s___h..wav.pt,h
2460260.157600_Tautenburg___5295-9121kHz___10-22.4s___b..wav.pt,b
2459699.378575_Tautenburg___886-5497kHz___10-22.4s___co.wav.pt,co
2460031.483458_Tautenburg___1148-4470kHz___10-22.3s___wn.wav.pt,wn
2460262.745431_Tautenburg___5215-8638kHz___10-22.3s___b..wav.pt,b
2460205.579198_Tautenburg___222-3303kHz___10-22.3s___eo.wav.pt,eo
2459998.258128_Tautenburg___3221-6825kHz___17.5-23s___co.wav.pt,co
2460197.321207_Tautenburg___484-3665kHz___10-17.5s___h..wav.pt,h
2460194.600475_Tautenburg___504-9343kHz___10-22.8s___to.wav.pt,to
2460180.355374_Tautenburg___403-6685kHz___10-22.8s___to.wav.pt,to
2460193.501368_Tautenburg___564-7732kHz___10-22.9s___to.wav.pt,to
2459998.258128_Tautenburg___3221-6825kHz___10-17.5s___co.wav.pt,co
2460365.300189_Tautenburg___162-2477kHz___10-22.9s___eo.wav.pt,eo
2460223.259483_Tautenburg___444-5417kHz___10-22.5s___to.wav.pt,to
2460031.483458_Tautenburg___1148-4470kHz___10-16s___wn.wav.pt,wn
2460194.441568_Tautenburg___463-10027kHz___10-22.2s___to.wav.pt,to
2460025.425882_Tautenburg___1490-3967kHz___10-22.3s___t..wav.pt,t
2459700.403362_Tautenburg___726-7249kHz___10-21.8s___co.wav.pt,co
2459995.354481_Tautenburg___362-4248kHz___10-21.7s___kr.wav.pt,kr
2460226.523146_Tautenburg___927-5860kHz___10-21.7s___to.wav.pt,to
2459847.519910_Tautenburg___4913-7027kHz___10-21.4s___r..wav.pt,r
2460377.685476_Tautenburg___524-7470kHz___10-21.6s___to.wav.pt,to
2460222.243916_Tautenburg___262-3564kHz___10-21.6s___to.wav.pt,to
2460233.434295_Tautenburg___624-9684kHz___10-21s___to.wav.pt,to
2460247.727728_Tautenburg___5557-9141kHz___10-21.5s___b..wav.pt,b
2460241.719542_Tautenburg___5598-9403kHz___10-21.3s___b..wav.pt,b
2460216.421835_Tautenburg___564-5114kHz___10-21s___to.wav.pt,to
2460426.623785_Tautenburg___564-5497kHz___10-18.9s___to.wav.pt,to
2460180.355778_Tautenburg___443-6846kHz___10-21s___to.wav.pt,to
2460435.518468_Tautenburg___544-4953kHz___10-12.8s___mh.wav.pt,mh
2460540.577735_Tautenburg___3282-9383kHz___10-11.9s___tp.wav.pt,tp
2460265.379409_Tautenburg___504-4893kHz___10-21s___l..wav.pt,l
2460434.417920_Tautenburg___705-11034kHz___10-15.4s___to.wav.pt,to
2460257.248948_Tautenburg___121-2295kHz___30.0-35.0s___gj.wav.pt,gj
2460261.738940_Tautenburg___1430-6886kHz___15.0-20.0s___s.wav.pt,s
2460375.359130_Tautenburg___423-3806kHz___35.0-40.0s___kr.wav.pt,kr
2460261.738940_Tautenburg___1430-6886kHz___12.5-17.5s___s.wav.pt,s
2460375.359130_Tautenburg___423-3806kHz___37.5-42.5s___kr.wav.pt,kr
2460375.550010_Tautenburg___866-4047kHz___12.5-17.5s___ma.wav.pt,ma
2460375.550010_Tautenburg___866-4047kHz___10.0-15.0s___ma.wav.pt,ma
2460375.359130_Tautenburg___423-3806kHz___40.0-45.0s___kr.wav.pt,kr
2460380.488585_Tautenburg___2054-4309kHz___10.0-15.0s___wa.wav.pt,wa
2460380.488585_Tautenburg___2054-4309kHz___30.0-35.0s___wa.wav.pt,wa
2460380.488585_Tautenburg___2054-4309kHz___17.5-22.5s___wa.wav.pt,wa
2460376.279480_Tautenburg___523-4711kHz___17.5-22.5s___co.wav.pt,co
2460375.550010_Tautenburg___866-4047kHz___17.5-22.5s___ma.wav.pt,ma
2460380.488585_Tautenburg___2054-4309kHz___12.5-17.5s___wa.wav.pt,wa
2460376.279480_Tautenburg___523-4711kHz___15.0-20.0s___co.wav.pt,co
2460380.488585_Tautenburg___2054-4309kHz___20.0-25.0s___wa.wav.pt,wa
2460380.488585_Tautenburg___2054-4309kHz___47.5-52.5s___wa.wav.pt,wa
2460390.451056_Tautenburg___1-2396kHz___12.5-17.5s___eo.wav.pt,eo
2460380.488585_Tautenburg___2054-4309kHz___45.0-50.0s___wa.wav.pt,wa
2460380.488585_Tautenburg___2054-4309kHz___27.5-32.5s___wa.wav.pt,wa
2460375.550834_Tautenburg___1168-4329kHz___15.0-20.0s___ma.wav.pt,ma
2460376.279480_Tautenburg___523-4711kHz___0.0-5.0s___co.wav.pt,co
2460375.550834_Tautenburg___1168-4329kHz___12.5-17.5s___ma.wav.pt,ma
2460375.550010_Tautenburg___866-4047kHz___15.0-20.0s___ma.wav.pt,ma
2460375.550834_Tautenburg___1168-4329kHz___10.0-15.0s___ma.wav.pt,ma
2460390.451056_Tautenburg___1-2396kHz___15.0-20.0s___eo.wav.pt,eo
2460401.648884_Tautenburg___599-5115kHz___12.5-17.5s___mh.wav.pt,mh
2460401.398392_Tautenburg___1223-3917kHz___10.0-15.0s___wa.wav.pt,wa
2460401.648884_Tautenburg___599-5115kHz___15.0-20.0s___mh.wav.pt,mh
2460401.648884_Tautenburg___599-5115kHz___17.5-22.5s___mh.wav.pt,mh
2460411.390294_Tautenburg___363-7108kHz___10.0-15.0s___co.wav.pt,co
2460411.390294_Tautenburg___363-7108kHz___12.5-17.5s___co.wav.pt,co
2460411.390294_Tautenburg___363-7108kHz___17.5-22.5s___co.wav.pt,co
2460421.391336_Tautenburg___483-5537kHz___20.0-25.0s___co.wav.pt,co
2460413.470367_Tautenburg___382-4228kHz___15.0-20.0s___mh.wav.pt,mh
2460411.390294_Tautenburg___363-7108kHz___22.5-27.5s___co.wav.pt,co
2460413.470367_Tautenburg___382-4228kHz___17.5-22.5s___mh.wav.pt,mh
2460411.390294_Tautenburg___363-7108kHz___20.0-25.0s___co.wav.pt,co
2460538.271553_Tautenburg___2034-6544kHz___17.5-22.5s___hm.wav.pt,hm
2460421.391336_Tautenburg___483-5537kHz___15.0-20.0s___co.wav.pt,co
2460538.271553_Tautenburg___2034-6544kHz___15.0-20.0s___hm.wav.pt,hm
2460428.334581_Tautenburg___1128-4511kHz___15.0-20.0s___lg.wav.pt,lg
2460421.391336_Tautenburg___483-5537kHz___25.0-30.0s___co.wav.pt,co
2460421.391336_Tautenburg___483-5537kHz___17.5-22.5s___co.wav.pt,co
2460428.334581_Tautenburg___1128-4511kHz___12.5-17.5s___lg.wav.pt,lg
2460428.334581_Tautenburg___1128-4511kHz___25.0-30.0s___lg.wav.pt,lg
2460421.391336_Tautenburg___483-5537kHz___22.5-27.5s___co.wav.pt,co
2460432.528508_Tautenburg___302-3564kHz___10.0-15.0s___mh.wav.pt,mh
2460416.626332_Tautenburg___1389-4369kHz___17.5-22.5s___mh.wav.pt,mh
2460538.271553_Tautenburg___2034-6544kHz___12.5-17.5s___hm.wav.pt,hm
2460428.334581_Tautenburg___1128-4511kHz___27.5-32.5s___lg.wav.pt,lg
2460538.271553_Tautenburg___2034-6544kHz___10.0-15.0s___hm.wav.pt,hm
2460416.626332_Tautenburg___1389-4369kHz___20.0-25.0s___mh.wav.pt,mh
2460416.626332_Tautenburg___1389-4369kHz___12.5-17.5s___mh.wav.pt,mh
2460416.626332_Tautenburg___1389-4369kHz___15.0-20.0s___mh.wav.pt,mh
2459822.497431_Tautenburg___786-7289kHz___10-31s___h..wav.pt,h
2460239.246711_Tautenburg___524-9141kHz___10-30.9s___to.wav.pt,to
2460252.615297_Tautenburg___322-7208kHz___10-444s___to.wav.pt,to
2460239.246711_Tautenburg___524-9141kHz___10-39s___to.wav.pt,to
2460413.470367_Tautenburg___382-4228kHz___10-30.6s___mh.wav.pt,mh
2460538.271553_Tautenburg___2034-6544kHz___10-30.5s___hm.wav.pt,hm
2460538.271553_Tautenburg___2034-6544kHz___10-30s___hm.wav.pt,hm
2460179.666705_Tautenburg___1430-5719kHz___10-23s___cr.wav.pt,cr
2460538.271553_Tautenburg___2034-6544kHz___23-30.5s___hm.wav.pt,hm
2460269.156742_Tautenburg___5476-9342kHz___10-30.5s___b..wav.pt,b
2460538.271553_Tautenburg___2034-6544kHz___10-20.5s___hm.wav.pt,hm
2460179.666705_Tautenburg___1430-5719kHz___10-30.5s___cr.wav.pt,cr
2460179.666705_Tautenburg___1430-5719kHz___10-20s___cr.wav.pt,cr
2460009.493800_Tautenburg___644-3926kHz___10-23s___wn.wav.pt,wn
2460009.493800_Tautenburg___644-3926kHz___10-30.5s___wn.wav.pt,wn
2460009.493800_Tautenburg___644-3926kHz___10-30s___wn.wav.pt,wn
2460375.550834_Tautenburg___1168-4329kHz___10-30.4s___ma.wav.pt,ma
2460226.523331_Tautenburg___503-2939kHz___10-30.2s___to.wav.pt,to
2459997.727052_Tautenburg___1470-6846kHz___10-30.3s___s..wav.pt,s
2460265.402548_Tautenburg___282-3725kHz___11-32.9s___kr.wav.pt,kr
2460033.291422_Tautenburg___322-4228kHz___10-29.9s___h..wav.pt,h
2460265.402548_Tautenburg___282-3725kHz___10-92s___kr.wav.pt,kr
2460177.482357_Tautenburg___420-3651kHz___10-29.9s___to.wav.pt,to
2460265.402548_Tautenburg___282-3725kHz___210-233s___kr.wav.pt,kr
2460265.402548_Tautenburg___282-3725kHz___1-30s___kr.wav.pt,kr
2460265.402548_Tautenburg___282-3725kHz___260-267s___kr.wav.pt,kr
2460265.402548_Tautenburg___282-3725kHz___230-244s___kr.wav.pt,kr
2460265.402548_Tautenburg___282-3725kHz___260-277s___kr.wav.pt,kr
2460265.402548_Tautenburg___282-3725kHz___240-245s___kr.wav.pt,kr
2460265.402548_Tautenburg___282-3725kHz___210-255s___kr.wav.pt,kr
2460265.402548_Tautenburg___282-3725kHz___101-301s___kr.wav.pt,kr
2460265.402548_Tautenburg___282-3725kHz___110-222s___kr.wav.pt,kr
2460265.402548_Tautenburg___282-3725kHz___298-302s___kr.wav.pt,kr
2460265.402548_Tautenburg___282-3725kHz___190-200.2s___kr.wav.pt,kr
2460265.402548_Tautenburg___282-3725kHz___296-302s___kr.wav.pt,kr
2460265.402548_Tautenburg___282-3725kHz___295-302s___kr.wav.pt,kr
2460265.402548_Tautenburg___282-3725kHz___25-32s___kr.wav.pt,kr
2460265.402548_Tautenburg___282-3725kHz___20-32s___kr.wav.pt,kr
2460252.615297_Tautenburg___322-7208kHz___80-88.4s___to.wav.pt,to
2460265.402548_Tautenburg___282-3725kHz___20-30.2s___kr.wav.pt,kr
2460265.402548_Tautenburg___282-3725kHz___10-300.2s___kr.wav.pt,kr
2460252.615297_Tautenburg___322-7208kHz___56-65.4s___to.wav.pt,to
2460252.615297_Tautenburg___322-7208kHz___10-448.4s___to.wav.pt,to
2460252.615297_Tautenburg___322-7208kHz___101-107.4s___to.wav.pt,to
2460204.426638_Tautenburg___523-8275kHz___10-29.7s___to.wav.pt,to
2459626.401323_Tautenburg___1570-5143kHz___10-12.1s___ch.wav.pt,ch
2460204.426638_Tautenburg___523-8275kHz___20-29.7s___to.wav.pt,to
2459844.356384_Tautenburg___524-3705kHz___10-29.6s___h..wav.pt,h
2460190.274022_Tautenburg___463-8013kHz___10-28.6s___to.wav.pt,to
2459626.401323_Tautenburg___1570-5143kHz___19-22.1s___ch.wav.pt,ch
2459626.401323_Tautenburg___1570-5143kHz___14-21s___ch.wav.pt,ch
2459626.401323_Tautenburg___1570-5143kHz___22-29s___ch.wav.pt,ch
2459699.317797_Tautenburg___584-6000kHz___10-28.9s___co.wav.pt,co
2459626.401323_Tautenburg___1570-5143kHz___22-26s___ch.wav.pt,ch
2460190.274022_Tautenburg___463-8013kHz___10-18.6s___to.wav.pt,to
2459626.401323_Tautenburg___1570-5143kHz___10-29.1s___ch.wav.pt,ch
2460269.164278_Tautenburg___5537-9906kHz___15-18.7s___b..wav.pt,b
2459990.613705_Tautenburg___302-5356kHz___10-16s___mh.wav.pt,mh
2459990.613705_Tautenburg___302-5356kHz___13-18.6s___mh.wav.pt,mh
2460269.164278_Tautenburg___5537-9906kHz___10-28.7s___b..wav.pt,b
2460269.164278_Tautenburg___5537-9906kHz___19-27s___b..wav.pt,b
2459990.613705_Tautenburg___302-5356kHz___23-28.6s___mh.wav.pt,mh
2459990.613705_Tautenburg___302-5356kHz___20-26s___mh.wav.pt,mh
2460252.615297_Tautenburg___322-7208kHz___1-6.4s___to.wav.pt,to
2460252.615297_Tautenburg___322-7208kHz___22-28.4s___to.wav.pt,to
2460252.615297_Tautenburg___322-7208kHz___16-20.4s___to.wav.pt,to
2460252.615297_Tautenburg___322-7208kHz___12-18.4s___to.wav.pt,to
2460252.615297_Tautenburg___322-7208kHz___39-44s___to.wav.pt,to
2460252.615297_Tautenburg___322-7208kHz___2-8s___to.wav.pt,to
2460252.615297_Tautenburg___322-7208kHz___35-44.4s___to.wav.pt,to
2460252.615297_Tautenburg___322-7208kHz___21-30.4s___to.wav.pt,to
2460252.615297_Tautenburg___322-7208kHz___26-34.4s___to.wav.pt,to
2460252.615297_Tautenburg___322-7208kHz___10-15s___to.wav.pt,to
2460244.201102_Tautenburg___262-4631kHz___19-24.7s___to.wav.pt,to
2460244.201102_Tautenburg___262-4631kHz___20-29.3s___to.wav.pt,to
2460244.201102_Tautenburg___262-4631kHz___20-27.7s___to.wav.pt,to
2460244.201102_Tautenburg___262-4631kHz___30-37.7s___to.wav.pt,to
2460244.201102_Tautenburg___262-4631kHz___23-33.7s___to.wav.pt,to
2460244.201102_Tautenburg___262-4631kHz___19-27s___to.wav.pt,to
2460244.201102_Tautenburg___262-4631kHz___30-35s___to.wav.pt,to
2460244.201102_Tautenburg___262-4631kHz___100-107.7s___to.wav.pt,to
2460252.615297_Tautenburg___322-7208kHz___10-14.4s___to.wav.pt,to
2460244.201102_Tautenburg___262-4631kHz___38-47.7s___to.wav.pt,to
2460244.201102_Tautenburg___262-4631kHz___440-450s___to.wav.pt,to
2460244.201102_Tautenburg___262-4631kHz___400-407s___to.wav.pt,to
2460244.201102_Tautenburg___262-4631kHz___430-437.7s___to.wav.pt,to
2460252.615297_Tautenburg___322-7208kHz___14-20.4s___to.wav.pt,to
2460244.201102_Tautenburg___262-4631kHz___31-37.7s___to.wav.pt,to
2460244.201102_Tautenburg___262-4631kHz___23-33s___to.wav.pt,to
2460244.201102_Tautenburg___262-4631kHz___455-457.7s___to.wav.pt,to
2460244.201102_Tautenburg___262-4631kHz___12-18.7s___to.wav.pt,to
2460244.201102_Tautenburg___262-4631kHz___11-19.17s___to.wav.pt,to
2460244.201102_Tautenburg___262-4631kHz___10-457.7s___to.wav.pt,to
2460244.201102_Tautenburg___262-4631kHz___13-18s___to.wav.pt,to
2460244.201102_Tautenburg___262-4631kHz___12-15s___to.wav.pt,to
2460259.748366_Tautenburg___5779-9383kHz___10-18.4s___b..wav.pt,b
2460259.748366_Tautenburg___5779-9383kHz___18-28.4s___b..wav.pt,b
2460244.201102_Tautenburg___262-4631kHz___15-22.7s___to.wav.pt,to
2460244.201102_Tautenburg___262-4631kHz___10-15.7s___to.wav.pt,to
2460244.201102_Tautenburg___262-4631kHz___10-17.7s___to.wav.pt,to
2460265.403628_Tautenburg___262-3685kHz___10-18s___kr.wav.pt,kr
2460265.403628_Tautenburg___262-3685kHz___10-20s___kr.wav.pt,kr
2460265.403628_Tautenburg___262-3685kHz___12-17s___kr.wav.pt,kr
2460265.403628_Tautenburg___262-3685kHz___25-28s___kr.wav.pt,kr
2460252.737175_Tautenburg___4651-10430kHz___10-27.9s___b..wav.pt,b
2460265.403628_Tautenburg___262-3685kHz___10-28s___kr.wav.pt,kr
2459626.400262_Tautenburg___1343-5598kHz___22-28.3s___gr.wav.pt,gr
2460259.748366_Tautenburg___5779-9383kHz___10-28.4s___b..wav.pt,b
2459626.400262_Tautenburg___1343-5598kHz___10-13.3s___gr.wav.pt,gr
2459626.400262_Tautenburg___1343-5598kHz___18-26.3s___gr.wav.pt,gr
2459626.400262_Tautenburg___1343-5598kHz___10-28.3s___gr.wav.pt,gr
2460252.737175_Tautenburg___4651-10430kHz___17-23.9s___b..wav.pt,b
2460252.737175_Tautenburg___4651-10430kHz___24-27.9s___b..wav.pt,b
2460261.738940_Tautenburg___1430-6886kHz___10-27.8s___s..wav.pt,s
2460252.737175_Tautenburg___4651-10430kHz___13-17.9s___b..wav.pt,b
2460252.737175_Tautenburg___4651-10430kHz___20-24.9s___b..wav.pt,b
2460261.738940_Tautenburg___1430-6886kHz___10-16.8s___s..wav.pt,s
2460029.585977_Tautenburg___524-5759kHz___10-27.9s___wn.wav.pt,wn
2460252.737175_Tautenburg___4651-10430kHz___10-17.9s___b..wav.pt,b
2460002.393396_Tautenburg___1047-4691kHz___18-27.2s___bf.wav.pt,bf
2460002.393396_Tautenburg___1047-4691kHz___10-17.2s___bf.wav.pt,bf
2460367.267636_Tautenburg___605-2598kHz___10-27.6s___co.wav.pt,co
2460261.738940_Tautenburg___1430-6886kHz___16-19.8s___s..wav.pt,s
2460002.393396_Tautenburg___1047-4691kHz___10-27.2s___bf.wav.pt,bf
2460390.451056_Tautenburg___1-2396kHz___10-27.5s___eo.wav.pt,eo
2460269.743625_Tautenburg___1389-6423kHz___10-13.8s___ch.wav.pt,ch
2460269.743625_Tautenburg___1389-6423kHz___17-27.1s___ch.wav.pt,ch
2460016.352688_Tautenburg___338-2724kHz___10-27s___co.wav.pt,co
2460265.403469_Tautenburg___121-3926kHz___10-26.8s___kr.wav.pt,kr
2459626.344165_Tautenburg___868-5639kHz___10-25.9s___ch.wav.pt,ch
2459626.320473_Tautenburg___1591-5722kHz___10-15.8s___ch.wav.pt,ch
2460198.315361_Tautenburg___342-6966kHz___17-25.7s___to.wav.pt,to
2460273.757055_Tautenburg___5195-9423kHz___10-15.8s___b..wav.pt,b
2459626.320473_Tautenburg___1591-5722kHz___15-25.8s___ch.wav.pt,ch
2460273.757055_Tautenburg___5195-9423kHz___10-25.8s___b..wav.pt,b
2460198.315361_Tautenburg___342-6966kHz___10-15.7s___to.wav.pt,to
2460042.441333_Tautenburg___1329-4893kHz___10-16.5s___t..wav.pt,t
2460265.403469_Tautenburg___121-3926kHz___10-16.8s___kr.wav.pt,kr
2460265.403469_Tautenburg___121-3926kHz___16-26.8s___kr.wav.pt,kr
2460269.743625_Tautenburg___1389-6423kHz___13-17.1s___ch.wav.pt,ch
2460042.441333_Tautenburg___1329-4893kHz___16-26.5s___t..wav.pt,t
2460202.556117_Tautenburg___6101-8457kHz___10-24.7s___r..wav.pt,r
2460432.528508_Tautenburg___302-3564kHz___10-21.6s___mh.wav.pt,mh
2460399.530406_Tautenburg___574-2495kHz___10-15.4s___to.wav.pt,to
2460399.530406_Tautenburg___574-2495kHz___10-25.4s___to.wav.pt,to
2460201.613955_Tautenburg___604-4430kHz___10-25.2s___to.wav.pt,to
2460401.664854_Tautenburg___200-9356kHz___10-21.4s___to.wav.pt,to
2460401.398392_Tautenburg___1223-3917kHz___10-15.4s___wa.wav.pt,wa
2460401.398392_Tautenburg___1223-3917kHz___18-22.4s___wa.wav.pt,wa
2460401.398392_Tautenburg___1223-3917kHz___10-22.4s___wa.wav.pt,wa
2459997.722314_Tautenburg___826-6685kHz___10-24.5s___s..wav.pt,s
2460264.744579_Tautenburg___5497-9383kHz___10-24.5s___b..wav.pt,b
2460179.387913_Tautenburg___442-2467kHz___10-16.8s___to.wav.pt,to
2460179.387913_Tautenburg___442-2467kHz___17-24.8s___to.wav.pt,to
2459996.356491_Tautenburg___564-2577kHz___10-24.7s___gn.wav.pt,gn
2460033.663937_Tautenburg___444-3927kHz___10-24s___h..wav.pt,h
2459834.624822_Tautenburg___4309-7148kHz___18-23.9s___tp.wav.pt,tp
2459852.681103_Tautenburg___1531-5598kHz___10-23.8s___s..wav.pt,s
2459834.624822_Tautenburg___4309-7148kHz___10-17.9s___tp.wav.pt,tp
2460175.313397_Tautenburg___404-6219kHz___10-23.9s___to.wav.pt,to
2460216.556284_Tautenburg___483-6845kHz___10-23.8s___to.wav.pt,to
2460194.420431_Tautenburg___322-8436kHz___10-17.6s___to.wav.pt,to
2460015.347081_Tautenburg___335-3753kHz___10-23.7s___kr.wav.pt,kr
2459995.653543_Tautenburg___1168-6604kHz___10-23.7s___s..wav.pt,s
2460258.738963_Tautenburg___4450-9705kHz___10-23.5s___b..wav.pt,b
2459834.624832_Tautenburg___3866-7228kHz___10-17.6s___tp.wav.pt,tp
2460194.420431_Tautenburg___322-8436kHz___17-23.6s___to.wav.pt,to
2459834.624832_Tautenburg___3866-7228kHz___17-23.6s___tp.wav.pt,tp
2460250.726788_Tautenburg___1933-5295kHz___10.0-15.0s___ch.wav.pt,ch
2460250.726788_Tautenburg___1933-5295kHz___12.5-17.5s___ch.wav.pt,ch
2460250.726788_Tautenburg___1933-5295kHz___15.0-20.0s___ch.wav.pt,ch
2460250.726788_Tautenburg___1933-5295kHz___25.0-30.0s___ch.wav.pt,ch
2460250.726788_Tautenburg___1933-5295kHz___22.5-27.5s___ch.wav.pt,ch
2460250.726788_Tautenburg___1933-5295kHz___20.0-25.0s___ch.wav.pt,ch
2460250.726788_Tautenburg___1933-5295kHz___17.5-22.5s___ch.wav.pt,ch
2460250.726788_Tautenburg___1933-5295kHz___27.5-32.5s___ch.wav.pt,ch
2460257.248831_Tautenburg___665-2880kHz___0.0-5.0s___gj.wav.pt,gj
2460250.726788_Tautenburg___1933-5295kHz___35.0-40.0s___ch.wav.pt,ch
2460250.726788_Tautenburg___1933-5295kHz___37.5-42.5s___ch.wav.pt,ch
2460250.726788_Tautenburg___1933-5295kHz___47.5-52.5s___ch.wav.pt,ch
2460250.726788_Tautenburg___1933-5295kHz___50.0-55.0s___ch.wav.pt,ch
2460250.726788_Tautenburg___1933-5295kHz___52.5-57.5s___ch.wav.pt,ch
2460250.726788_Tautenburg___1933-5295kHz___40.0-45.0s___ch.wav.pt,ch
2460250.726788_Tautenburg___1933-5295kHz___42.5-47.5s___ch.wav.pt,ch
2460250.726788_Tautenburg___1933-5295kHz___45.0-50.0s___ch.wav.pt,ch
2460250.726788_Tautenburg___1933-5295kHz___32.5-37.5s___ch.wav.pt,ch
2460250.726788_Tautenburg___1933-5295kHz___30.0-35.0s___ch.wav.pt,ch
2460257.248831_Tautenburg___665-2880kHz___2.5-7.5s___gj.wav.pt,gj
2460257.248831_Tautenburg___665-2880kHz___5.0-10.0s___gj.wav.pt,gj
2460257.248831_Tautenburg___665-2880kHz___7.5-12.5s___gj.wav.pt,gj
2460257.248831_Tautenburg___665-2880kHz___10.0-15.0s___gj.wav.pt,gj
2460257.248831_Tautenburg___665-2880kHz___25.0-30.0s___gj.wav.pt,gj
2460257.248831_Tautenburg___665-2880kHz___17.5-22.5s___gj.wav.pt,gj
2460257.248831_Tautenburg___665-2880kHz___20.0-25.0s___gj.wav.pt,gj
2460257.248831_Tautenburg___665-2880kHz___22.5-27.5s___gj.wav.pt,gj
2460257.248948_Tautenburg___121-2295kHz___17.5-22.5s___gj.wav.pt,gj
2460257.248948_Tautenburg___121-2295kHz___27.5-32.5s___gj.wav.pt,gj
2460257.248948_Tautenburg___121-2295kHz___20.0-25.0s___gj.wav.pt,gj
2460257.248948_Tautenburg___121-2295kHz___12.5-17.5s___gj.wav.pt,gj
2460257.248948_Tautenburg___121-2295kHz___15.0-20.0s___gj.wav.pt,gj
2460257.248948_Tautenburg___121-2295kHz___25.0-30.0s___gj.wav.pt,gj
2460257.248948_Tautenburg___121-2295kHz___22.5-27.5s___gj.wav.pt,gj
2460257.248831_Tautenburg___665-2880kHz___27.5-32.5s___gj.wav.pt,gj
2460216.241428_Tautenburg___142-1813kHz___2.5-7.5s___eo.wav.pt,eo
2460218.601255_Tautenburg___1-3786kHz___30.0-35.0s___eo.wav.pt,eo
2460218.601255_Tautenburg___1-3786kHz___17.5-22.5s___eo.wav.pt,eo
2460218.239147_Tautenburg___81-3182kHz___22.5-27.5s___eo.wav.pt,eo
2460218.239147_Tautenburg___81-3182kHz___25.0-30.0s___eo.wav.pt,eo
2460218.601255_Tautenburg___1-3786kHz___22.5-27.5s___eo.wav.pt,eo
2460218.601255_Tautenburg___1-3786kHz___25.0-30.0s___eo.wav.pt,eo
2460218.601255_Tautenburg___1-3786kHz___10.0-15.0s___eo.wav.pt,eo
2460218.601255_Tautenburg___1-3786kHz___15.0-20.0s___eo.wav.pt,eo
2460222.501201_Tautenburg___1-2558kHz___15.0-20.0s___eo.wav.pt,eo
2460218.601255_Tautenburg___1-3786kHz___32.5-37.5s___eo.wav.pt,eo
2460216.241428_Tautenburg___142-1813kHz___10.0-15.0s___eo.wav.pt,eo
2460216.241428_Tautenburg___142-1813kHz___17.5-22.5s___eo.wav.pt,eo
2460216.241428_Tautenburg___142-1813kHz___20.0-25.0s___eo.wav.pt,eo
2460216.241428_Tautenburg___142-1813kHz___30.0-35.0s___eo.wav.pt,eo
2460216.241428_Tautenburg___142-1813kHz___27.5-32.5s___eo.wav.pt,eo
2460216.241428_Tautenburg___142-1813kHz___35.0-40.0s___eo.wav.pt,eo
2460218.239147_Tautenburg___81-3182kHz___0.0-5.0s___eo.wav.pt,eo
2460218.239147_Tautenburg___81-3182kHz___10.0-15.0s___eo.wav.pt,eo
2460216.241428_Tautenburg___142-1813kHz___37.5-42.5s___eo.wav.pt,eo
2460218.239147_Tautenburg___81-3182kHz___12.5-17.5s___eo.wav.pt,eo
2460222.501201_Tautenburg___1-2558kHz___27.5-32.5s___eo.wav.pt,eo
2460234.394955_Tautenburg___141-3383kHz___35.0-40.0s___eo.wav.pt,eo
2460222.501201_Tautenburg___1-2558kHz___30.0-35.0s___eo.wav.pt,eo
2460234.514842_Tautenburg___122-1531kHz___17.5-22.5s___eo.wav.pt,eo
2460222.501201_Tautenburg___1-2558kHz___22.5-27.5s___eo.wav.pt,eo
2460234.514842_Tautenburg___122-1531kHz___20.0-25.0s___eo.wav.pt,eo
2460234.394955_Tautenburg___141-3383kHz___27.5-32.5s___eo.wav.pt,eo
2460235.207045_Tautenburg___81-3202kHz___10.0-15.0s___eo.wav.pt,eo
2460235.207045_Tautenburg___81-3202kHz___22.5-27.5s___eo.wav.pt,eo
2460235.207045_Tautenburg___81-3202kHz___12.5-17.5s___eo.wav.pt,eo
2460235.706888_Tautenburg___1872-6040kHz___10.0-15.0s___ch.wav.pt,ch
2460235.706888_Tautenburg___1872-6040kHz___12.5-17.5s___ch.wav.pt,ch
2460235.207045_Tautenburg___81-3202kHz___20.0-25.0s___eo.wav.pt,eo
2460235.706888_Tautenburg___1872-6040kHz___17.5-22.5s___ch.wav.pt,ch
2460235.706888_Tautenburg___1872-6040kHz___15.0-20.0s___ch.wav.pt,ch
2460235.706888_Tautenburg___1872-6040kHz___20.0-25.0s___ch.wav.pt,ch
2459626.400582_Tautenburg___1529-4462kHz___10-11.5s___gr.wav.pt,gr
2459627.747255_Tautenburg___5887-8551kHz___10-11.2s___b..wav.pt,b
2459627.747643_Tautenburg___6403-8324kHz___10-11.2s___b..wav.pt,b
2459628.733269_Tautenburg___1736-6135kHz___10-11.4s___s..wav.pt,s
2459626.397804_Tautenburg___1942-4875kHz___10-12.5s___gr.wav.pt,gr
2459651.651162_Tautenburg___5154-8154kHz___10-11.7s___b..wav.pt,b
2459651.697957_Tautenburg___5316-9343kHz___10-11.6s___b..wav.pt,b
2459627.747574_Tautenburg___6445-9068kHz___10-11.6s___b..wav.pt,b
2459628.609172_Tautenburg___1013-7168kHz___10-11.9s___co.wav.pt,co
2459626.345889_Tautenburg___1549-5205kHz___10-11.8s___ch.wav.pt,ch
2459628.731038_Tautenburg___2210-5081kHz___10-11.6s___s..wav.pt,s
2459628.664333_Tautenburg___1632-6837kHz___10-15.5s___s..wav.pt,s
2459631.749116_Tautenburg___5722-8923kHz___10-11.6s___b..wav.pt,b
2459628.198888_Tautenburg___6733-9521kHz___10-11s___b..wav.pt,b
2459628.671133_Tautenburg___1694-5907kHz___10-13.1s___s..wav.pt,s
2459628.729003_Tautenburg___1798-6073kHz___10-11.8s___s..wav.pt,s
2459627.747211_Tautenburg___6010-8592kHz___10-11.2s___b..wav.pt,b
2459626.327428_Tautenburg___1652-4606kHz___10-11.4s___ch.wav.pt,ch
2459651.696874_Tautenburg___6142-9041kHz___10-11.6s___b..wav.pt,b
2459628.733875_Tautenburg___1942-4957kHz___10-11.2s___s..wav.pt,s
2459627.200193_Tautenburg___5660-8965kHz___10-11.3s___b..wav.pt,b
2459628.731631_Tautenburg___2045-5577kHz___10-11.9s___s..wav.pt,s
2459626.400801_Tautenburg___1632-4751kHz___10-19.2s___ch.wav.pt,ch
2459626.344165_Tautenburg___868-5639kHz___12.5-17.5s___ch.wav.pt,ch
2459626.320473_Tautenburg___1591-5722kHz___10.0-15.0s___ch.wav.pt,ch
2460216.241428_Tautenburg___142-1813kHz___0-5.0s___eo.wav.pt,eo
2459626.320473_Tautenburg___1591-5722kHz___12.5-17.5s___ch.wav.pt,ch
2459843.676026_Tautenburg___4169-7692kHz___10-16.8s___tp.wav.pt,tp
2459845.478996_Tautenburg___6121-8376kHz___10-11.5s___r..wav.pt,r
2459845.658672_Tautenburg___5900-9283kHz___10-11.1s___r..wav.pt,r
2459834.450453_Tautenburg___786-4893kHz___10-13.1s___h..wav.pt,h
2459842.676382_Tautenburg___6121-9826kHz___10-11.6s___b..wav.pt,b
2459834.413577_Tautenburg___423-3725kHz___10-11.8s___h..wav.pt,h
2459678.317079_Tautenburg___182-4551kHz___10-15.1s___mh.wav.pt,mh
2459845.373473_Tautenburg___504-5477kHz___10-12.5s___h..wav.pt,h
2459844.413941_Tautenburg___544-4510kHz___10-11.3s___h..wav.pt,h
2459843.477219_Tautenburg___463-5980kHz___10-13.4s___h..wav.pt,h
2459847.423207_Tautenburg___785-4087kHz___10-11.5s___h..wav.pt,h
2459845.328526_Tautenburg___564-3604kHz___10-12s___h..wav.pt,h
2459848.685161_Tautenburg___6182-9283kHz___10-11.1s___r..wav.pt,r
2459852.390320_Tautenburg___1731-7087kHz___10-14.9s___s..wav.pt,s
2459835.653203_Tautenburg___4188-7772kHz___10-11.4s___tp.wav.pt,tp
2459852.681334_Tautenburg___1692-5719kHz___10-11.5s___s..wav.pt,s
2459845.416520_Tautenburg___523-4409kHz___10-11s___mh.wav.pt,mh
2459846.551663_Tautenburg___5517-9544kHz___10-11.2s___r..wav.pt,r
2459683.578085_Tautenburg___5779-9564kHz___10-11.9s___r..wav.pt,r
2459684.634115_Tautenburg___6080-9040kHz___10-11.2s___r..wav.pt,r
2459652.697310_Tautenburg___2174-5758kHz___10-11.4s___s..wav.pt,s
2459671.684676_Tautenburg___5436-9282kHz___10-11.1s___b..wav.pt,b
2459671.684781_Tautenburg___5194-8436kHz___10-11.1s___b..wav.pt,b
2459684.532464_Tautenburg___5175-8517kHz___10-11.5s___r..wav.pt,r
2459820.369494_Tautenburg___4289-8316kHz___10-13.3s___r..wav.pt,r
2459691.608180_Tautenburg___1168-9705kHz___10-12.3s___bf.wav.pt,bf
2459705.312217_Tautenburg___1571-6766kHz___10-14.4s___ma.wav.pt,ma
2459686.396663_Tautenburg___826-6343kHz___10-12s___mh.wav.pt,mh
2459684.597625_Tautenburg___6363-9584kHz___10-14.6s___r..wav.pt,r
2459695.453699_Tautenburg___685-5819kHz___10-14.1s___co.wav.pt,co
2459668.675396_Tautenburg___6181-9483kHz___10-11.7s___b..wav.pt,b
2459655.496422_Tautenburg___5255-9403kHz___10-11.8s___b..wav.pt,b
2459653.533916_Tautenburg___1631-5336kHz___10-11.6s___s..wav.pt,s
2459652.498250_Tautenburg___1027-6886kHz___10-19.3s___co.wav.pt,co
2459686.462165_Tautenburg___1027-5638kHz___10-14.6s___mh.wav.pt,mh
2459682.414593_Tautenburg___303-4692kHz___10-12.6s___co.wav.pt,co
2459680.531457_Tautenburg___463-4289kHz___10-20.6s___mh.wav.pt,mh
2459817.406207_Tautenburg___564-4812kHz___10-11.7s___h..wav.pt,h
2459704.492294_Tautenburg___2658-8980kHz___10-15.5s___mh.wav.pt,mh
2459684.487954_Tautenburg___5658-8920kHz___10-11.6s___r..wav.pt,r
2459812.652400_Tautenburg___4913-9524kHz___10-11.5s___b..wav.pt,b
2459648.698932_Tautenburg___6121-9685kHz___10-11.2s___b..wav.pt,b
2459628.700797_Tautenburg___1715-4978kHz___10-11.9s___s..wav.pt,s
2459820.325332_Tautenburg___886-5477kHz___10-12.9s___h..wav.pt,h
2459628.650708_Tautenburg___1818-5391kHz___10-11.2s___s..wav.pt,s
2459627.747391_Tautenburg___5660-8469kHz___10-11.3s___b..wav.pt,b
2459626.545801_Tautenburg___1818-5556kHz___10-17.8s___ch.wav.pt,ch
2459626.341944_Tautenburg___1074-5122kHz___10-19s___ch.wav.pt,ch
2459628.609201_Tautenburg___1797-6940kHz___10-11.5s___s..wav.pt,s
2459627.748027_Tautenburg___6031-8695kHz___10-11.3s___b..wav.pt,b
2459872.470295_Tautenburg___5215-9202kHz___10-11.5s___r..wav.pt,r
2459992.413506_Tautenburg___705-3624kHz___10-12s___co.wav.pt,co
2459872.566117_Tautenburg___5396-8094kHz___10-10.9s___b..wav.pt,b
2459872.426980_Tautenburg___5658-9181kHz___10-11.5s___b..wav.pt,b
2459871.601521_Tautenburg___5577-8054kHz___10-11.6s___b..wav.pt,b
2459872.475282_Tautenburg___1873-6846kHz___10-16.4s___s..wav.pt,s
2459872.475405_Tautenburg___1691-7127kHz___10-18.8s___s..wav.pt,s
2459874.343446_Tautenburg___604-6101kHz___10-12.2s___mh.wav.pt,mh
2459872.473997_Tautenburg___2174-7208kHz___10-14.1s___s..wav.pt,s
2459893.728405_Tautenburg___5275-9141kHz___10-11.7s___b..wav.pt,b
2459872.474091_Tautenburg___1893-6121kHz___10-14.4s___s..wav.pt,s
2459868.700778_Tautenburg___5054-8537kHz___10-11.4s___b..wav.pt,b
2459862.488433_Tautenburg___1832-6664kHz___10-11.6s___s..wav.pt,s
2459862.663111_Tautenburg___6523-8859kHz___10-11s___b..wav.pt,b
2459864.631011_Tautenburg___5578-9061kHz___10-11.2s___r..wav.pt,r
2459864.449660_Tautenburg___2497-5114kHz___10-11.6s___s..wav.pt,s
2459864.454861_Tautenburg___684-4832kHz___10-14.4s___wg.wav.pt,wg
2459864.655102_Tautenburg___5276-8195kHz___10-11.2s___r..wav.pt,r
2459863.686977_Tautenburg___6161-9765kHz___10-11.5s___b..wav.pt,b
2459865.515849_Tautenburg___5980-8759kHz___10-11.3s___b..wav.pt,b
2459865.658677_Tautenburg___5940-8255kHz___10-11.2s___b..wav.pt,b
2459870.565590_Tautenburg___6021-8618kHz___10-10.9s___r..wav.pt,r
2459859.331881_Tautenburg___1430-4732kHz___10-16.5s___s..wav.pt,s
2459859.657404_Tautenburg___5879-8859kHz___10-10.8s___r..wav.pt,r
2459843.610021_Tautenburg___4188-8074kHz___10-11.3s___tp.wav.pt,tp
2459862.387791_Tautenburg___5457-8980kHz___10-11.4s___b..wav.pt,b
2459852.264305_Tautenburg___544-3081kHz___10-11s___h..wav.pt,h
2459859.613302_Tautenburg___5859-8859kHz___10-11.2s___r..wav.pt,r
2459847.557726_Tautenburg___523-4651kHz___10-13.4s___mh.wav.pt,mh
2459834.627178_Tautenburg___5517-8718kHz___10-11.7s___r..wav.pt,r
2459848.678695_Tautenburg___2356-6947kHz___10-11.5s___s..wav.pt,s
2459848.677728_Tautenburg___5255-8940kHz___10-11.3s___r..wav.pt,r
2459865.519885_Tautenburg___5920-8839kHz___10-11.2s___b..wav.pt,b
2459870.615410_Tautenburg___5718-8960kHz___10-11.4s___r..wav.pt,r
2459862.534137_Tautenburg___5980-8195kHz___10-11.2s___b..wav.pt,b
2459862.409606_Tautenburg___6443-9383kHz___10-11.1s___b..wav.pt,b
2459864.612329_Tautenburg___4993-8617kHz___10-11.8s___b..wav.pt,b
2459862.595402_Tautenburg___2114-6080kHz___10-11.1s___s..wav.pt,s
2459864.655075_Tautenburg___5054-8135kHz___10-11.3s___r..wav.pt,r
2459862.420134_Tautenburg___5759-10027kHz___10-11.2s___b..wav.pt,b
2459863.504172_Tautenburg___5779-8578kHz___10-11.7s___b..wav.pt,b
2459862.497339_Tautenburg___6363-9202kHz___10-11.5s___b..wav.pt,b
2459859.657362_Tautenburg___5718-9262kHz___10-11.3s___r..wav.pt,r
2459862.367826_Tautenburg___2759-6222kHz___10-11.4s___s..wav.pt,s
2459859.623883_Tautenburg___5678-8396kHz___10-11.3s___b..wav.pt,b
2459859.613194_Tautenburg___5698-9322kHz___10-11.2s___r..wav.pt,r
2459834.658494_Tautenburg___5557-9765kHz___10-11.9s___b..wav.pt,b
2459995.731221_Tautenburg___1772-7510kHz___10-12.1s___s..wav.pt,s
2460021.478013_Tautenburg___343-4450kHz___10-17.6s___co.wav.pt,co
2460013.492040_Tautenburg___641-5746kHz___10-13.4s___co.wav.pt,co
2459991.682457_Tautenburg___1591-7792kHz___10-12.2s___s..wav.pt,s
2459996.360410_Tautenburg___584-4732kHz___10-15.6s___mh.wav.pt,mh
2459999.281157_Tautenburg___2295-6785kHz___10-19.1s___co.wav.pt,co
2460011.480661_Tautenburg___2460-6652kHz___10-18.5s___co.wav.pt,co
2459995.735197_Tautenburg___2336-5980kHz___10-12s___s..wav.pt,s
2460008.337560_Tautenburg___745-4309kHz___10-15.1s___co.wav.pt,co
2459902.432459_Tautenburg___464-2759kHz___10-18s___gn.wav.pt,gn
2459995.729049_Tautenburg___1490-6584kHz___10-15.6s___s..wav.pt,s
2459995.733113_Tautenburg___1732-6886kHz___10-13.8s___s..wav.pt,s
2459995.724477_Tautenburg___1732-6403kHz___10-12.2s___s..wav.pt,s
2459995.728305_Tautenburg___1711-6483kHz___10-12.1s___s..wav.pt,s
2459995.730359_Tautenburg___2014-6665kHz___10-12.7s___s..wav.pt,s
2460022.433640_Tautenburg___322-4510kHz___10-12s___co.wav.pt,co
2460019.426450_Tautenburg___504-3811kHz___10-15.2s___co.wav.pt,co
2459905.748902_Tautenburg___5718-8980kHz___10-11.2s___b..wav.pt,b
2459995.735164_Tautenburg___6161-9282kHz___10-11.6s___b..wav.pt,b
2460021.438999_Tautenburg___564-4571kHz___10-14.2s___wa.wav.pt,wa
2459989.733224_Tautenburg___2276-6685kHz___10-11.9s___s..wav.pt,s
2460022.322323_Tautenburg___826-3745kHz___10-12.3s___bh.wav.pt,bh
2459990.660236_Tautenburg___443-4691kHz___10-15.7s___mh.wav.pt,mh
2459995.729677_Tautenburg___1531-6786kHz___10-12s___s..wav.pt,s
2460010.320943_Tautenburg___504-5819kHz___10-11.8s___co.wav.pt,co
2460022.535929_Tautenburg___564-6181kHz___10-13.2s___co.wav.pt,co
2459997.727259_Tautenburg___1934-6645kHz___10-12.2s___s..wav.pt,s
2459995.734136_Tautenburg___1470-5839kHz___10-13.8s___s..wav.pt,s
2459995.732652_Tautenburg___1370-6887kHz___10-12.4s___s..wav.pt,s
2459995.723424_Tautenburg___1652-6323kHz___10-20.3s___s..wav.pt,s
2460022.516435_Tautenburg___322-5456kHz___10-18.6s___co.wav.pt,co
2460009.507276_Tautenburg___846-3745kHz___10-15.9s___wn.wav.pt,wn
2459992.321945_Tautenburg___484-7229kHz___10-19.7s___co.wav.pt,co
2459898.301812_Tautenburg___5920-8437kHz___10-11.4s___b..wav.pt,b
2459995.720755_Tautenburg___1833-7994kHz___10-15s___s..wav.pt,s
2460022.482381_Tautenburg___946-3402kHz___10-18.9s___t..wav.pt,t
2459997.657340_Tautenburg___1027-7329kHz___10-12.2s___s..wav.pt,s
2460013.325102_Tautenburg___663-5635kHz___10-19s___co.wav.pt,co
2460190.665157_Tautenburg___3765-7389kHz___10-19.9s___tp.wav.pt,tp
2460194.324452_Tautenburg___342-4550kHz___10-12.7s___h..wav.pt,h
2460190.655638_Tautenburg___4390-7309kHz___10-15.5s___tp.wav.pt,tp
2460033.624825_Tautenburg___1269-3886kHz___10-19.5s___t..wav.pt,t
2460042.517356_Tautenburg___684-7248kHz___10-11.6s___mh.wav.pt,mh
2460041.547125_Tautenburg___464-4491kHz___10-12.4s___mh.wav.pt,mh
2460182.318858_Tautenburg___368-6947kHz___10-20.8s___to.wav.pt,to
2460044.543657_Tautenburg___101-4390kHz___10-13.2s___bh.wav.pt,bh
2460038.463495_Tautenburg___262-5255kHz___10-12.2s___mh.wav.pt,mh
2460034.294824_Tautenburg___2376-6644kHz___10-18.7s___co.wav.pt,co
2460041.582684_Tautenburg___625-5578kHz___10-14.1s___mh.wav.pt,mh
2460046.393749_Tautenburg___503-4953kHz___10-16.8s___mh.wav.pt,mh
2460024.288215_Tautenburg___484-8155kHz___10-19s___co.wav.pt,co
2460179.388796_Tautenburg___608-5597kHz___10-17.8s___to.wav.pt,to
2460023.303967_Tautenburg___4510-9423kHz___10-12.1s___r..wav.pt,r
2460025.512162_Tautenburg___503-2235kHz___10-20.4s___h..wav.pt,h
2460186.424809_Tautenburg___886-5114kHz___10-13s___to.wav.pt,to
2460037.389507_Tautenburg___423-5416kHz___10-19.4s___co.wav.pt,co
2460025.464379_Tautenburg___544-5517kHz___10-18.2s___co.wav.pt,co
2460024.640634_Tautenburg___483-4409kHz___10-13.6s___co.wav.pt,co
2460025.490270_Tautenburg___5840-9363kHz___10-12.2s___b..wav.pt,b
2460028.355035_Tautenburg___402-4530kHz___10-18.3s___wn.wav.pt,wn
2460025.509267_Tautenburg___624-6020kHz___10-11.9s___h..wav.pt,h
2459905.749790_Tautenburg___5336-8980kHz___10-13s___b..wav.pt,b
2460026.565472_Tautenburg___443-4430kHz___10-11.5s___h..wav.pt,h
2460022.676221_Tautenburg___5980-9806kHz___10-11.5s___r..wav.pt,r
2460022.498187_Tautenburg___866-3806kHz___10-14.9s___t..wav.pt,t
2460013.437001_Tautenburg___641-5238kHz___10-16.8s___co.wav.pt,co
2459994.331850_Tautenburg___544-5336kHz___10-12.6s___l..wav.pt,l
2460022.396771_Tautenburg___282-5175kHz___10-18.4s___co.wav.pt,co
2460011.317465_Tautenburg___377-3615kHz___10-13.9s___kr.wav.pt,kr
2459995.735631_Tautenburg___1611-5940kHz___10-14.9s___s..wav.pt,s
2460214.684121_Tautenburg___5537-9503kHz___10-11.4s___b..wav.pt,b
2460215.687684_Tautenburg___5678-9665kHz___10-17.4s___b..wav.pt,b
2460215.687100_Tautenburg___5477-9705kHz___10-14.5s___r..wav.pt,r
2460215.241365_Tautenburg___121-2658kHz___10-20.2s___eo.wav.pt,eo
2460215.466849_Tautenburg___4490-8316kHz___10-11.4s___b..wav.pt,b
2460214.537138_Tautenburg___343-5578kHz___10-20.4s___to.wav.pt,to
2460207.681705_Tautenburg___6040-8698kHz___10-11.4s___b..wav.pt,b
2460201.572842_Tautenburg___624-9564kHz___10-18.2s___to.wav.pt,to
2460208.676546_Tautenburg___5416-9322kHz___10-11.6s___b..wav.pt,b
2460208.526833_Tautenburg___644-9664kHz___10-20.8s___to.wav.pt,to
2460203.339095_Tautenburg___403-8457kHz___10-19.6s___to.wav.pt,to
2460203.444527_Tautenburg___121-3967kHz___10-12s___h..wav.pt,h
2460202.666319_Tautenburg___4852-9926kHz___10-20.2s___r..wav.pt,r
2460202.521286_Tautenburg___484-4249kHz___10-12s___h..wav.pt,h
2460204.262218_Tautenburg___322-3262kHz___10-19.1s___to.wav.pt,to
2460208.392986_Tautenburg___362-9060kHz___10-16.6s___to.wav.pt,to
2460208.676252_Tautenburg___5336-8698kHz___10-11.5s___b..wav.pt,b
2460201.623515_Tautenburg___625-9444kHz___10-18.4s___to.wav.pt,to
2460192.358968_Tautenburg___504-6081kHz___10-15.7s___to.wav.pt,to
2460190.663352_Tautenburg___3584-7651kHz___10-16.6s___tp.wav.pt,tp
2460201.342917_Tautenburg___564-7430kHz___10-13s___mh.wav.pt,mh
2460202.470497_Tautenburg___322-6060kHz___10-12.4s___h..wav.pt,h
2460201.324125_Tautenburg___463-9805kHz___10-14.2s___to.wav.pt,to
2460191.261383_Tautenburg___926-8054kHz___10-17.1s___to.wav.pt,to
2460201.325488_Tautenburg___564-9806kHz___10-20.3s___to.wav.pt,to
2460201.324168_Tautenburg___423-2416kHz___10-20.4s___to.wav.pt,to
2460201.481662_Tautenburg___383-2920kHz___10-19.6s___to.wav.pt,to
2460200.619989_Tautenburg___303-9202kHz___10-17.9s___to.wav.pt,to
2460190.265248_Tautenburg___483-2255kHz___10-18.5s___to.wav.pt,to
2460197.266616_Tautenburg___523-7651kHz___10-15.8s___to.wav.pt,to
2460200.631736_Tautenburg___503-2013kHz___10-13.8s___to.wav.pt,to
2460197.343331_Tautenburg___383-4349kHz___10-11.6s___h..wav.pt,h
2460197.650722_Tautenburg___605-10712kHz___10-16.1s___to.wav.pt,to
2460194.555355_Tautenburg___322-10772kHz___10-17.1s___to.wav.pt,to
